95425326
2541363451
145125358
14889248
2241167263
2409230946
477756438
263090427
1182381266
586671909
15333047
556303732
122765125
742143
2150915989
1870053469
32047509
416714582
42573217
1058422668
1546823898
1900720267
1582853809
204832963
2285187691
1206067189
217526629
59157393
1442392040
107474787
236453099
19717082
2275687573
20248093
20030364
22256645
17249208
1660468830
1099124418
420943164
242204358
1854379867
564686965
377629109
1657730988
1571270053
1689419970
19897138
54463072
223110908
39559926
108391251
1324334436
131763362
17865713
1867843520
46073276
612473
14293310
14677919
27602673
1910442534
355989081
4126501
246194416
452757717
92727851
36886118
735122173
20771519
527526077
1330457336
195264385
211926836
936695288
479809444
102987028
97865628
1061359813
21746596
17482727
62544453
101311381
52344859
550695332
107168854
18872373
186388502
561335546
22363802
140118545
17152685
4047721
562189730
23930272
70179948
292241128
471741741
441636351
358136545
58170833
332188446
331136088
90447194
16012783
16890791
23061619
36717227
19929890
15146221
50944856
22384198
245687754
18210579
6509832
19760270
219617448
256495314
46704429
134047949
5402612
76294950
5988062
81335606
17673635
6463042
6809452
37629039
250495841
53256946
243584516
17381587
15439395
21742517
75968447
56304605
25966181
18185582
19329136
17717614
118757160
34278813
24705126
37034483
135091028
