26484919
89149648
16695229
2218274526
2480079168
102419947
20600597
131496098
17674302
2325637082
24313622
38479920
4078061
8242772
17865488
53762755
616253307
5992982
14131683
52378823
72510160
43273729
46864800
18717518
355989081
19894933
45161002
2735591
48337448
4047721
11589192
372346211
20155063
28632371
28140465
154948410
50201737
16997044
25455332
17663164
109385964
14692117
817386
28520903
292134963
20907214
53464314
18447238
9215452
807244
15733356
32866232
12954612
14883122
93776220
19826509
49869921
4832871
22513829
8343832
124400170
11215482
15349225
12480582
18089163
125575337
108391251
18719434
6431582
1315431
77888423
14689777
18794008
23578782
816653
16522475
26642006
20404983
15685761
134758540
173991090
16226800
42573217
21408397
99211591
15443742
26906811
6524962
21020683
8596022
16863696
32831617
18452469
15438018
18937546
14808307
15104935
61755650
32041603
19433862
42018126
15491330
12310562
730823
6578252
13765572
16866902
5025251
13714442
14072047
7813692
22598364
1959371
9831152
18547863
56304605
21426452
9207632
21395825
13214482
78941611
14697486
17659982
50944856
18872373
7753772
17145512
8805142
15620533
18205527
9457392
44704537
15316910
16200080
12152152
4266261
19929890
92211391
14511951
36623042
7102192
12984
797206
25441644
23061619
5927142
17701394
26176814
34197952
19194900
21510643
7923652
30059550
14054023
34601910
11489
19078479
52339151
6356522
760303
43073074
6180262
14369310
21268553
16390087
8669882
6466912
17839493
14830973
11781142
7370332
46103
16156062
14086866
7552032
428333
24705126
17536486
18258063
16511853
17646463
5417132
13141882
21237512
15673209
15276401
15648453
18807347
9274492
16665684
19305157
15941343
7815702
14414257
14208365
16591984
5695942
1753061
10652272
14652452
1734381
17440232
17806766
14065526
6017542
728373
7422652
6796502
16303871
1035491
17396839
12820422
14389031
11595032
7261882
17802893
13457722
6434532
17482727
487913
14990608
17802735
6987882
12454882
15859039
15445377
7251502
4322111
6378
14481475
7948812
1300521
9404762
2384071
9295212
657863
809866
15959560
6809452
17000721
8099372
9366702
14115719
5656402
5745462
16450235
14401286
14320997
17601922
17862391
12916
79543
972651
5772422
1378
815233
1143031
12390642
7457322
14463104
696193
10202
11272742
11686132
14228300
839891
14908780
17710740
13348
740983
765845
8622162
6463042
11778
807095
354103
3336
2972571
50193
10367
813286
6509832
8453452
8117362
14274428
14066120
7087112
6281882
755923
6465702
