2512361400
2543085835
2663860435
2547585403
2518573910
2546457294
2588983051
2484677443
2650812211
2500578878
2591504569
2511488888
2541922118
2590353138
2542376816
2492228882
2655375666
2511441518
2545225386
2589296665
2545702394
2656289948
2511466268
2541809850
2520681746
2591465550
2492251711
2545850988
2649523302
2655999715
2542774453
2541846128
2589744661
2568494671
2546244684
2542744784
2541825132
2545030729
2511510122
2484637146
2544015716
2589026635
2484693288
2543524782
2542374660
2586355992
2545400978
2511585288
2541881922
2544585390
2547041737
2511425526
2519012162
2492256823
2541867624
2500371494
2591564161
2492170748
2520218688
2511577152
2484710568
2591579870
2591526084
2541936781
2512901436
2511600829
2511414534
2545418372
2511557599
2541906632
2589674058
2542693285
2649526752
2650961274
2511506504
2541792450
2545806744
2542744398
2541805854
2519041273
2542610576
2541819270
2545672394
2542549914
2586339336
2521564086
2542457594
2542030603
2544660314
2543140334
2591413712
2546631428
2511587059
2542017871
2527574178
2511635959
2588021623
2590337474
2492196733
2542050565
2519154404
2542937628
2542007628
2590209804
2649847417
2511441037
2650428091
2511594114
2500055611
2517052836
2542746799
2588931626
2590163810
2518585429
2542057399
2492871980
2500093573
2492165118
2543629057
2655484694
2518552694
2500613851
2542886125
2541892405
2590529881
2547078775
2542030987
2544246907
2542303651
2541875888
2544529208
2547089352
2541883344
2519153275
2511485671
2588003384
2546393534
2518782366
2649561385
2544316873
2542962578
2663870803
2484642932
2541863479
2520975728
2589191364
2511452958
2520379146
2518560672
2542027374
2590070755
2589090356
2541939048
2521715617
2649889766
2541845684
2544116688
2542898442
2541861170
2500328095
2511536479
2484699578
2533055840
2511543620
2511475429
2512203829
2542600754
2541846691
2492780526
2518624579
2542014667
2590445348
2547087578
2541845894
2546749368
2542955239
2541950989
2520761689
2542081231
2541969931
2518953187
2511658346
2542071517
2651425418
2500080577
2511450499
2521588200
2543028722
2541819846
2520469748
2485619347
2520474307
2542529989
2511447408
2651457511
2591471832
2518566073
2547344084
2542101402
2568451668
2517201744
2589091400
2500057279
2545368619
2518626398
2541920869
2546721170
2568551460
2541848755
2519135192
2650049364
2649766224
2500525567
2542666044
2588006678
2517120134
2589181034
2541835614
2543854075
2589041198
2511447991
2519290675
2542578042
2541862466
2545884650
2511693049
2484751687
2512827126
2511541274
2541950179
2544424752
2511592549
2586358364
2492958097
2500158296
2541922441
2544075572
2542101618
2541950156
2516379193
2542288280
2541847028
2520651492
2511577584
2541924109
2590245103
2542722258
2541907658
2541808322
2650644613
2511452952
2586337188
2484745154
2545170799
2542843471
2542002176
2541819301
2520485239
2542571138
2649522402
2649555901
2520946692
2589216138
2541918344
2484743708
2543711443
2542064048
2541846524
2655394963
2547524323
2511603877
2663834912
2492109716
2546557862
2492233340
2541830857
2484740898
2544495631
2542766659
2541865362
2485609196
2500254456
2542146474
2541892790
2541801128
2521115455
2542294896
2541805374
2484741306
2589742921
2492204862
2541817202
2546985193
2541803198
2520820224
2542055016
2511460844
2511427826
2484742950
2650770242
2519103840
2544906193
2651671092
2517044184
2520509174
2590257456
2546688289
2545445568
2651492485
2521097191
2650715868
2547520106
2544807888
2547370602
2547608496
2518922227
2544883651
2519191892
2519133498
2590386816
2650428120
2519058805
2651695908
2650846464
2650808990
2543941410
2543731357
2519026940
2547288188
2512804914
2492367780
2546687389
2519260754
2518898659
2650788278
2520674412
2521113949
2589362484
2543187476
2591786216
2520921618
2500651135
2519232050
2546787758
2545366284
2544119545
2546633310
2590092206
2519113520
2590564140
2650114644
2544119905
2649868849
2521683511
2649754920
2651403612
2591468958
2651043332
2589244044
2565116149
2511654812
2590269912
2511568464
2543508234
2548500242
2649560335
2512541671
2546759857
2544695016
2492895876
2520340398
2526293934
2590111214
2544638714
2546474568
2545974625
2492965518
2512173330
2545090818
2543949410
2520362995
2546706324
2589813409
2589594372
2590141820
2492891534
2547523441
2545289586
2547396349
2512898316
2543904870
2543349169
2547409904
2548542091
2521631137
2589624277
2543515530
2500238514
2518954591
2544233550
2546786222
2521579063
2492995470
2492314340
2590175096
2591985607
2521119050
2544273192
2591970133
2520370718
2590064665
2547268032
2590080126
2589729145
2544229802
2543383356
2549079206
2519000580
2544518478
2544106296
2545452313
2492860614
2591847336
2591844186
2543689075
2543950376
2519353771
2518951518
2544287581
2589722696
2589940202
2546373356
2545671565
2545834003
2546061829
2519164566
2517498205
2500570621
2521449445
2543472679
2590497655
2492769038
2544856230
2545176708
2546260740
2520064026
2557731642
2512619304
2521668674
2521431499
2589996427
2542146494
2544629851
2543112224
2546088342
2589084408
2544777841
2511627296
2545533564
2500048550
2545924578
2591577565
2520592826
2588978886
2546533644
2542832160
2547322596
2589270499
2521606284
2500118653
2520933326
2542902385
2543770183
2589103664
2544365444
2542294878
2544199668
2542135314
2500439947
2542527278
2590445634
2591510768
2492841942
2511509773
2521687280
2589145824
2512566871
2589197941
2545544678
2588981328
2546162124
2548472407
2544106104
2511559255
2589947420
2542077096
2543202211
2547008966
2546452736
2542078722
2517115542
2511466802
2590490648
2542668733
2544264408
2542146932
2544909685
2589071988
2543005128
2543724810
2518642837
2589303692
2521364539
2546170664
2542152475
2520642092
2547035234
2565154002
2542873608
2520211958
2500055676
2547241370
2511519631
2547401010
2542758684
2589996283
2588960012
2544142080
2518605343
2590507987
2542335858
2543837636
2589057330
2557925970
2547054626
2590375855
2542693309
2541846463
2590192856
2542925989
2588901936
2520970118
2588084498
2541847615
2544425995
2542532473
2541893558
2520224142
2511655747
2541936739
