1940451163
92708272
90484508
17468027
47181196
16232600
15791066
18683066
15762819
27959543
14542767
14745164
19122978
265522709
22244391
15397465
2530655700
273187225
2511566978
146714531
294810167
2177130499
1210471682
31065501
1357994875
786796010
29395505
402561634
66699013
116736740
2268887923
82119375
1655890716
1366219417
2160653996
2183816041
373410448
56304605
207809313
295251095
350128848
1856414335
1244137812
141470251
735095544
1288175774
373280952
75509967
137780376
86535708
1251083774
1346439824
130104041
60937837
310239584
172057857
287156977
2220938808
1447949844
231852779
356733602
41865743
2220021
28066436
862771
63785359
46165612
51252741
110871885
2238150685
253013792
253008829
1870133209
365661337
612945144
23002923
16516062
17717614
274328258
205448899
284222474
14162012
386125232
36222585
227032547
11086372
381949397
1449023288
127964538
7213802
145162027
86256982
1137914994
40927173
348806476
2598239449
549289187
2411825082
253022989
24013670
2585940132
99028224
49457533
75771628
6398152
309418030
2512732765
28096105
67369006
2573054917
27013347
2513811746
58569413
2492022433
19981139
514868195
255388236
78599720
127967449
51204623
5820022
253010743
1636657452
15597251
18056188
16745015
390905408
105588068
335957195
228180034
479357476
255630275
49103970
229385617
310660918
185752781
527048544
19377913
312747565
299694695
135249573
18125335
218629760
12028152
7251502
335660433
39595443
132530646
19636948
251634768
41195264
2528557452
33040458
2224292341
56259379
1166558329
2492602597
2494279495
112874216
103106691
120500211
221871883
120668752
56322568
126903716
162304163
106876700
471741741
150986578
1254978090
17266725
612561109
162041294
195785570
15066876
1375084674
49242446
15483625
44141292
1678659668
2375873706
26018722
2505786050
758609641
286947210
143824760
42173023
277434037
128155589
127807272
308023215
2213472314
49269819
1151462532
2487821744
156717998
194749495
608473
355989081
39308549
243249906
19063711
104670010
44588485
1479352976
68977380
2497221938
2438633869
437136024
27151820
2448361813
1979510694
17546747
257581957
105727035
1304951840
2485886683
376072494
209683746
103998751
1393780764
113870745
56407673
186090418
2316914916
1046299440
253003597
22692826
242618658
502187154
300755895
268074788
2181101269
344587123
367367929
741557604
840218617
20566418
41170977
1882281708
253008765
171827285
431983412
304730655
287980956
163506397
32896052
346924655
568887983
253008146
21708948
199778791
153929488
796373731
160880868
588476793
416370934
882390667
266193749
605773881
14216123
9016622
19063603
99034397
305189255
130684893
20751449
26637348
116616836
1638661795
458992712
449177694
264265349
45285656
111313342
126434587
236442157
51665562
486287449
14729674
2435896604
1542371244
17967491
2445749552
402278202
149317195
107829317
18663735
885733974
66369206
2331348024
16101479
16225240
544957482
14549493
86177206
33846442
254248108
49013625
587714983
2402213754
2285581681
190905427
32325104
2339452234
31240434
1397800638
21809256
118401061
15745368
14857801
35940348
546430284
16228398
1534167900
7713202
11134252
15450996
26344615
2312262702
862424204
37020028
2387891018
1119291199
412332494
7334402
36118538
374138602
952112047
124227622
152108221
1380019046
392941590
51295753
45631939
388110361
115267193
280658984
587001550
213399256
21328706
305846554
559345507
1527921888
48834856
371064230
2307678169
14412844
97729358
2330771580
134753128
37034483
126652195
265712904
240649814
35773039
2259380288
57412936
511929716
275277820
23856782
2260718034
800905848
17971747
22770745
18804691
2176867063
2215866739
176540776
2268651392
481430084
557404569
36233474
303507856
1489084716
1207072010
28601983
23096286
453548744
409460174
292357292
163575164
1140721808
320099525
87403396
17881816
1858498663
37599351
971156257
1517863002
555957901
385779089
273121006
245211202
500042487
15519886
50494097
22388606
550250082
527281446
103550181
405705870
260230248
143286228
1723309760
954169346
81939420
150619732
45729854
468700440
8447542
532497775
2188932618
387431860
472132412
1131642499
227578578
371962132
297701073
1330441838
543721401
251711981
175500549
135381593
2207441006
1913668759
2179559359
567312308
262253866
42927495
258966546
64630708
491902566
16323902
28014707
579766646
368006507
50068852
540238177
88491645
382492485
262476027
344754757
431701527
976981850
298123951
26408836
143186270
21622781
1691717851
64850149
429260925
18837219
472695722
292659175
25555295
82380985
20870349
78225868
378734380
214924806
598065083
18812572
227094627
496666789
1510279730
573774603
17762448
25539759
851697456
33689637
248503296
37715809
61368771
518800127
18943058
390143086
173413459
17798031
700380065
105207569
322035528
278094769
101475174
1905570560
33241678
1305459890
318103857
1638677252
829665337
243774035
19056797
23095574
48799712
32064319
843996018
492133058
464105314
295083379
409891869
24250884
79289712
215373412
17696845
8332612
1177540693
102396025
25344926
274596010
14124984
268385628
16382539
44423773
18486031
255340030
1534719073
77394624
1501139258
30313925
1093090866
27114921
1339835893
1330457336
1066159118
154273845
437067955
707150870
523983016
16453267
26556899
42372973
1022240827
579197401
103631968
158858484
818063017
130947770
202379372
16229600
512426013
16303106
1533143322
1587288001
178338239
793456104
886863361
518769410
48028448
398905628
25458508
744142195
84769455
15954704
16264803
17904334
46440103
242491658
112806694
1325807346
250083579
123926189
216242304
1072189285
27039287
109579523
595125048
46895477
43607003
19188723
19469976
159695505
151480026
431071870
315934293
375195439
183320391
22849311
1249106629
198706982
18518587
131460127
156015853
22868095
92518755
1398252073
94119354
23491400
25514453
16458926
19410300
339070429
83676243
18368634
96602213
46481538
603742037
19941313
382730635
174269889
21536408
401257368
70636966
172493721
540427345
20901820
104185085
21484891
9199712
23066267
1007747258
21342749
52237969
395301502
482112385
177211481
17086594
1202536410
18710031
173883542
101044849
14052215
121481948
30006281
240668424
365257172
168372591
242520128
154253537
32559327
1220813748
64899051
482759311
22789080
374077104
54958385
378062821
124272992
121321885
243718890
18246611
170256753
593700012
19101742
34304410
327610464
19571395
1235800237
1149526951
466506913
35089753
71016206
134830913
302008823
24817065
46555048
1000578258
1069370515
1099257782
188920049
15438913
11102352
318929461
319938936
96540459
122571041
525578351
1149274476
44200758
775391100
14817649
47740130
24467682
450697476
775395708
17507838
576926367
569713516
21262710
204382148
285709236
266652760
20074976
1120000410
30044322
474258865
24979017
52378823
885658440
120181792
244953643
49259277
66414578
72733789
22333382
287371932
1122851480
296612629
48200258
330234803
44765156
25122135
41720110
13209522
105781904
33170847
153676337
37813045
24652687
306846635
18753552
453754343
183634093
23544596
16925486
15311847
626639419
119913627
75296939
229288627
15100622
44894456
194727871
7207042
200916841
38435706
394843629
333747236
378354201
93308392
18537964
775391719
310274638
347960907
242990382
102570249
91892348
24537963
28561707
52734415
18722095
24047251
312677640
21114659
158414847
235664324
103002229
169251561
103372755
84699037
280063547
149310217
242867688
280250274
293816619
96998619
143107317
1075552639
575858975
707714036
17343595
37809399
1109834474
609396490
56265365
118713481
90379747
80325099
371466021
513484414
403068633
785202134
487063539
175880915
701690220
484548256
994659986
136354625
941605544
38043015
119769483
22278090
379962842
27485335
14579415
125497063
105284185
98310683
287260619
20172648
222898254
297444842
66780796
36677276
268453755
148869627
41586693
16990533
899781120
716538500
936350072
17471979
18839785
134758540
36327407
103539813
19994494
8357192
104644390
22558185
32428703
55085311
139219463
454373679
29030168
759251
225209448
419350212
66685886
1005171211
130071728
302075890
23693988
354399766
828223824
37722119
24713630
36696461
50062534
389104466
874585766
34827948
541032557
568675187
34196747
635469083
337409391
109345229
633670804
204956629
783701101
216077837
554110849
5392522
25201906
118932175
360139053
15880432
629199222
22873215
491921654
14181135
17554456
185947193
385455919
533353706
612076618
271058223
527221149
196336073
24834267
28880412
521004636
594465165
391535853
18949452
355773367
69397451
505067543
26009199
258904582
362649194
235389685
17524927
211216670
588000376
232717593
381136617
318037670
14282169
349589781
74476641
519907603
26989620
10774652
22372197
367333161
52355854
767101008
5357812
273603872
300592254
393832734
32468301
29811623
582064364
337762077
208245527
19805110
253980249
14245872
115396965
2884771
22523182
242134499
480352017
16581604
499944949
26230422
49478990
214733536
293747712
14117843
39523094
120207925
287742921
54054778
297291886
193465688
116298895
485804319
593136617
41904844
611103970
181701500
17907265
378178150
39625043
286439882
894738326
83748727
425098697
234126068
133694919
91030094
887603792
340230013
527574847
80475670
78998799
531177590
96663576
18831946
819733675
19093157
73686651
322648913
262280216
28562910
809605182
395115389
15526523
23641081
3373791
60935388
210041914
55157836
296958640
17259640
576448934
239323105
19340436
91807650
602564154
16385353
740884392
22872572
557634860
105048951
152133339
16097257
18565158
609217496
40528053
78802488
14227370
133899037
28121598
512806607
55579426
272192060
174742233
46952331
600515752
411178171
427799256
14140460
438298536
393640121
197275276
149254534
395422859
30268257
28164508
387648689
103797665
23664028
14345062
513654617
20208083
28368637
48192155
105305259
23747031
27257426
243490424
26994836
12848262
194641299
444151435
154131102
224240358
40908929
259798883
185703530
507624767
407957201
374538632
63228829
138852395
235143020
49454978
15345968
79242025
106810439
328243230
420384716
1538131
218330710
16099856
68207759
578239623
267907692
278319055
17050656
78389264
464877529
22551856
27155815
67920461
257656837
118583379
393864772
19546362
25963647
78979931
426974777
555308983
19156565
478961270
241553581
119152210
519554959
18490241
590260286
24816382
87346728
39580517
19029306
274155601
56399953
334387650
210820477
269991632
15426896
122698321
169290311
39520951
288467662
31005278
309076673
120953690
389369675
160494070
36357026
14661313
398413069
16270580
12511062
18919233
444909298
125512325
486070266
95442606
294143900
48156779
22799161
55928951
21357741
83496033
400518302
325022623
64470344
160727195
30722743
308155020
180972975
22150874
59164946
269622611
17879681
25778130
91185652
45637133
344112628
9455112
170079288
26392422
81882285
23529233
182058671
537023127
137881904
99320433
36605932
22421434
78516148
22459342
73234942
101094231
15721898
21363066
37972213
280351198
102148991
270132895
195158971
136337303
88561123
43764218
61780252
232301758
24047224
35046138
116909103
40506540
88226103
286154592
211890651
80530081
114828557
159559367
80596833
232682267
65072104
241685513
141082644
21249438
103602549
166104257
23092216
16228611
162052960
14788633
77285641
172617140
485334226
28340445
17537467
14334487
70445552
40635365
489783673
136495983
76410456
66610444
16670996
245988118
322274831
43121052
15785325
81029015
22308653
178014249
32396076
17635902
26502810
243237206
370414373
50008018
28435494
151120781
42789733
258923351
16707686
34963808
18366220
239315308
365529664
38985057
187395013
427898495
203202369
251772223
126323991
301910562
29738985
40191477
5665472
33057154
237784492
57806173
91478624
44157122
51241574
277094775
91441874
308480382
158738001
359546371
193385076
153087575
133541554
305017941
335750484
136432912
16175706
16180559
34326214
77116856
6878292
14443412
193986339
16597222
25017367
124332158
302746520
221911360
23605451
15164565
26755750
139769681
24716549
259576106
624413
52592400
273138345
15554922
26758665
102469434
14379115
30266179
14380462
126345561
153529716
15946540
27503850
42451856
14870804
52659564
236504594
421525199
280194291
419063923
16169272
16826299
415607046
6092972
87098120
16819632
166892842
176164743
70774194
219136121
27922586
225132271
27475169
18946954
30400557
17904171
19604599
73124329
82120358
188402805
26854642
324230103
13881572
247723476
256381185
408649181
17134789
125464610
86455440
314191549
9354952
20087878
15754281
20402945
112626912
16803000
263970518
35002876
19697415
14353553
408656961
22401659
20570290
14593685
221749428
2241221
112170666
189935058
125786481
79723301
32318850
280427530
68998210
14573183
158548992
335506162
76315268
28606352
42975108
291399405
26230145
344128331
186122171
19877608
119710421
49854471
29763551
249834872
213288408
109343596
24317174
313330980
306522134
20654189
79643177
98561160
79745758
216680056
282759653
20685793
204801358
269429148
276045435
324067266
349780195
21629865
325130220
331230200
40458264
22372344
244197661
63510558
261001666
26101414
296865893
116882728
34855249
19062853
16211114
114647658
82109274
258560029
165459735
268823408
64614569
20352963
40950257
228858090
310954272
26055764
25546185
339799852
338672240
107852396
33789434
221239692
57852539
428333
16343974
1367531
108425760
19743540
23408160
374707802
349055606
197448979
167087326
130628277
298877629
204353811
26776649
238205888
29994088
324493881
28583097
22554074
17051560
342839261
109293791
256716248
19472876
146103849
301401641
38949890
353751900
220231082
44871646
742143
807095
14245501
249027226
19677461
15140286
227793700
356222043
88817916
123626703
20912979
2356581
24303087
89711994
19580139
25602409
17235959
218980894
70614145
278067783
354052671
322228649
25337008
23381636
65466158
87449885
29190844
50744598
39172055
26828006
17856367
17958939
18704641
17030933
21394651
82736613
88851742
95692393
11922842
92913722
14677919
1947301
9300262
14669951
1917731
19713521
86213711
195157066
194863595
30822016
293167919
237624474
109816851
80611274
15110357
95297724
16100989
19695967
11915432
23016833
13396002
89561506
83846395
5507542
301588157
109617806
18803344
64194057
29130296
146103690
231927919
34713362
305568472
16378486
18049496
44234494
276194638
319402060
243322909
152861454
171102859
43254421
203644741
295237671
44433211
260104277
278007720
16137394
190331210
27720164
193745675
240860343
24802642
261918928
25455332
134208668
74459874
23381835
284177791
92440939
158831935
82716751
198708011
8169772
18519260
164407514
172526142
252172026
44150150
215850600
104059233
23769866
75051887
224129898
34124980
49196717
277670756
23364819
28115444
39202190
23854568
36292743
26960607
21547756
258209192
198604594
242394505
278508704
300632766
18773790
137835978
211184671
18793033
55936616
15031450
91529047
279202542
154066815
249780666
34667844
20881923
123161289
21499932
272442200
24750742
218778335
80936592
309663732
38524810
24789603
296390429
229489921
80263650
28262849
173348723
12034642
60167282
124150495
23642561
58868683
295921452
15120121
266692057
214265791
18042278
44473461
23601374
100124693
44375245
44921613
44789295
115762455
53411540
164380519
23243863
19602067
16352123
44915281
17927796
207614451
245271690
14776527
25156152
32740613
83914441
133157911
20288433
98688648
39653591
291312586
7082982
8736882
23865085
24948315
146998140
80361389
92415777
30106694
24051225
18587408
28145621
167774846
130341846
19734025
59241038
27381623
132364466
147202533
14678279
16643805
70902048
44892976
23813710
167248606
234093591
158357978
175937811
111364194
42187248
142480748
266628665
13057142
254439722
139910545
16545867
20004721
71227821
247158534
72447790
49224286
22884986
71832753
42786391
184079701
19473396
30920285
6519522
97184013
28164389
98487931
221732306
23145109
30878083
76305613
208920761
258190311
30924802
252950114
91620308
258473318
67358777
106185357
26058399
211376019
30670084
225738529
67097358
42903387
46224524
28875486
104237736
17561123
161011398
91942071
137572845
15562456
16027206
27796857
8792802
18218523
22491454
169930276
74626516
2643941
17585125
26052862
20345367
26929655
127520582
182795116
92598942
17972104
70045611
18990186
242224295
84014340
38027718
163939556
43889865
89162856
31858910
135737654
27805007
12392822
16703058
224643266
159817180
167900593
17132768
39302767
16506355
15086936
18822966
16368889
188513041
230313898
121483664
168660089
88221766
229943617
29146126
68926536
216697381
73013623
169943433
156755429
169317229
154981289
125966828
152953257
10342142
28906155
34687919
17514354
150545192
169354425
15162193
116768473
17766365
19722029
14320910
37786203
162311993
18711296
238319766
30230693
130617778
20562637
70422470
92598909
226591200
128471450
1652541
199358767
140056694
204810206
216398865
234633180
31178973
94093955
75704938
2467791
73509953
53493592
22713080
25124269
224009851
219705836
23400537
23188316
5378272
83659451
16331010
86853882
20373243
74661066
158791858
212447933
225873174
159340328
24406659
17469289
75570212
18435913
78601960
207308316
76455013
150101881
38925280
126367204
62179889
30723527
14859511
130032077
76142324
63449951
33564670
12651592
46654474
135970091
129183929
121483683
31317842
16818490
130975450
162370183
18416271
149425179
109204339
68471549
104773387
96465718
160209718
112165335
23292182
171750467
93265687
44092291
25490504
75049621
90569149
100498093
3108351
136578510
66460477
78883500
222175382
111053385
159462573
15738599
78663910
1315431
120555516
56202005
16235375
145355181
17796769
102137066
65590254
211674884
16184792
139933180
58755842
112749098
18338588
73704586
15039436
99196301
82092261
89280747
58359125
93286002
18949053
26790047
40434226
14144849
15670529
43282276
42680682
26025988
122265439
65172221
53688509
775861
64464269
62553762
15883802
15164181
14088815
17486417
24343083
36541636
5988062
14739266
1255151
813039
32754442
62297217
31137047
71726773
17074714
14608999
19789299
41101290
93869605
19132985
26327104
68600896
20906188
23897766
21540725
100746868
15451434
88278355
18262412
80303580
57499644
100811265
21637728
46398762
99743768
93971683
40116360
17848626
75220203
23806943
51550779
74732486
8785632
24543817
102753005
7295422
57633719
15801752
37089433
79100380
33307237
79540538
34080819
16337397
79291516
47652034
21780803
20687263
28154015
17913753
65372895
31076294
18196721
93907104
17579446
106899466
37877645
22729305
17300752
21181885
75356470
15062528
16272650
16438959
62883934
52778489
33549978
100621881
28899921
35484772
18228495
23952599
101937665
46915691
25290300
80908303
17075185
56965125
73463663
81716923
26618468
16331149
31152881
85819074
21794452
19462399
15400136
99755728
15289330
18485106
32877614
58643491
17504672
15989069
98993683
8131042
19277345
27817933
98915886
18538564
47546936
18471969
22375715
14591033
6250762
20092562
44625387
27503114
16664830
16413025
14200437
63567598
42790519
5839062
90971668
62576824
23870788
16689061
15201747
41984613
26388811
48559499
14078808
51755693
14926475
21279340
41818506
19460725
22852473
22777809
23249204
20773885
16248319
50395378
26676034
24425906
27559439
24430413
16580890
72547403
20380852
10865192
26563593
24561449
14732187
81077946
89758253
19039361
16403358
17798418
54470438
79660300
11871482
88655143
80903804
59952027
56810175
15433144
33617046
24682598
17509428
16936303
15938794
87106714
14243746
27941496
16794789
81124594
18295287
17145442
28099619
76876774
14808307
14073862
16455755
19164954
18634085
17698600
48442572
25393674
25572434
19430865
15245623
19920201
37884910
15936752
19885129
50385253
16541636
20709950
8897802
8824412
28903755
17662681
48734361
15870058
25873356
26839944
14580046
17490866
23563077
69752139
15453770
26783498
15945900
14588573
16193488
693883
15114927
14946076
17654635
15058774
53445058
76980224
23373
15725330
67168325
15814036
14210524
14974897
15249991
57903792
18259310
17206150
37294378
16136799
17573295
17943334
34044441
76682357
14563253
8133992
19278408
49132710
76812404
14228875
28230113
53433639
18211851
25039454
15014203
15267917
20088161
47032649
73716841
68849086
37710435
15784302
15403079
73449263
15146359
15695513
48833488
26665025
37529450
29508713
43475901
19717934
48658034
46853406
71495534
15391102
15102818
16635956
9928102
12371852
25498985
35027931
32210663
44411873
11584222
18163700
43212794
37422696
56358270
24752404
62834840
21707592
785595
68660207
21314967
68770511
16332696
18760460
16317694
23519852
14923177
22593711
56605870
17125553
41665132
24917529
18365169
53129665
64647238
16444376
17809721
47250624
15222197
18481463
26303602
45764940
54238430
50916766
59736714
20405428
9921932
20001647
15470209
17582617
6729142
38566990
27355823
14821347
19868105
33079195
14726688
41461475
16812287
22697351
15766348
19220417
22868427
18477133
57551783
19460869
20414217
27450176
1243241
58877194
26510157
55435897
26114441
28751147
55197613
21517290
11154832
7339142
40720260
16901108
13654112
16390926
1501881
14413498
15031424
61103142
58038880
14826124
10029732
56715082
43280585
44595287
16956020
17992196
40458715
17808712
44822449
41547349
14262411
56934262
14610663
56297692
15800829
20095125
23915100
14512675
14070830
16670619
35531539
20424024
39666300
29762396
17662807
19122991
40422910
27266293
45053322
55886315
22731153
20487685
41538783
9734372
16917156
44292587
27117306
14913914
15992768
33918760
41466372
40191643
16812975
19916488
19100459
24643083
30830432
33853972
18073937
11991142
20515090
19797083
17194090
31988249
40277080
20563087
29685225
46543763
29470720
43423483
18795353
24805644
22650234
17385512
40520292
17215752
15992295
34513794
42601539
30323648
17329285
33329214
23612009
49022834
46156890
46616173
15684121
23720063
27738196
18628912
29366677
34091029
45280863
20865816
37105216
32793873
26833888
7429102
24751152
27921752
17601922
39391275
40230998
19053456
41885690
28337011
16886925
35118692
19349240
23685059
43301621
29508857
15786845
15179863
23522443
14986811
21193298
42660501
38130484
14517930
27665615
19448989
17678919
26829963
42846597
6114122
22336854
19175936
20112764
38042898
14641392
25717463
17289530
28391825
28748252
26020465
18249212
17567533
7212272
19996051
17557614
20377010
14923512
22086160
14634144
36730584
14139468
36982010
11774642
9202882
30823468
23583384
21939131
36190762
34732828
17957392
33576352
19837231
32391572
36495872
36448386
38103175
19689846
27633698
21777919
40112008
18988352
19511205
23116018
18706957
18651808
15831519
15943484
17008780
39729573
13745442
13821902
35202312
38062260
39096927
31739302
28240302
20570461
5995882
19811315
15811314
22333927
17978626
16465359
18813518
25763891
15467229
16425453
900421
16930247
14106080
21136403
28056930
14530191
14200246
23497231
29382965
23155102
15431253
17849197
17900421
14261149
16959719
17078632
30639743
25518625
20066438
23502302
34906849
6123762
17472883
21799503
16153996
14163748
10505322
19428338
14273479
21101351
15164442
22409377
26963391
22105018
5683952
6822512
34627843
17453148
18213546
32351706
15165057
16574209
35318486
21908222
24469441
18226564
3761241
14965404
18809614
805280
14520441
15287818
20851180
14837079
15061067
22581359
10158362
15150771
20951221
14435478
20472834
14532281
14993980
18536322
19103692
14114403
14661880
17837688
14888945
22482045
24035123
32825236
20618879
16388797
23224410
17984594
20803228
15158115
16298036
23601340
15493351
14860650
8430612
16573084
31506974
23769298
18180917
5904922
34231910
18868380
29257117
16910252
18693598
26907363
17069525
18754810
15677901
18370962
18176487
10245552
15950685
19933480
21319580
8215672
7608932
14261687
14295486
16008055
16271460
14289788
15195273
17312357
23503538
19478790
20443041
22336717
24302039
19781614
16620845
25095050
30317314
21836409
23207136
16910946
19048014
9707972
21080122
32958676
19111053
24939840
3489451
17389501
27998115
9623162
14580059
14203393
15428743
14125938
23383517
30308226
14286848
22039276
18536530
17400407
25361381
30761844
19950184
15278735
19729510
18957918
26986888
15965192
40143
18773467
1192
17396855
15851201
14882900
26776256
19071377
31424124
14107067
9909452
20883966
24163124
30976324
31131627
17654134
19129122
16872081
17302658
18047928
18989209
14610275
23163378
19995471
22410301
14531977
14097467
18560967
29248355
17033125
1223651
30279310
24466294
14367727
14480101
16742806
14399372
17808932
30170220
18656190
18272191
18231536
18296064
16557087
17579148
7985082
29260997
18258178
12882332
21104781
12945002
15187403
13753972
19082879
22091828
15445311
18179554
22797240
18026048
20691901
20210319
22733268
29479716
18011557
15257727
15446757
19956062
15452859
17681834
9786072
20977778
15068132
12185672
18829556
15295503
15399743
29005137
27250894
16810508
22629770
17208763
15861944
21577678
11333532
17002290
18431625
14701580
27909461
28871355
18721857
23526066
15764490
15158464
18437044
15958265
19985195
17088939
21341080
12718122
18200097
21230227
16045527
16826788
24523440
23693140
22017175
15391752
16706976
14562275
18169037
23350990
25508357
15859039
19562864
21794774
19424599
17057237
19083755
16379892
20808757
25143680
18248037
8821742
18327007
15130732
20485525
20419501
10017632
9952152
20798363
17873348
5030911
17856422
14077222
14202388
11779412
14677497
21461720
16199226
16885993
16440805
15203873
16824201
12364502
5661792
9348562
10073012
24644495
15554127
2977171
19632867
18211473
20511299
14738962
18572616
21158774
21323607
16102437
21449516
15763535
14708602
17878960
15096075
16664681
14109075
3554721
17596622
9345162
2654
15978689
10333202
16326882
18906561
17067240
18483651
14923485
15492791
13330902
18692009
16268131
19600853
13475382
14154581
15462767
994971
19320490
15634645
16553566
9873092
11635902
15322509
1308181
16156755
16339564
19636553
14420790
21433375
23776042
15894470
3002361
20164597
13559772
10417782
16951279
21132200
14844938
14831419
21423803
26088344
17229595
23249514
19349650
26017086
15512975
13301812
16208662
19771898
23393630
24208754
11891512
18586925
17726339
19598253
25044100
18076957
19697419
14384603
16889506
25860752
756110
23172038
19370519
26682375
25333958
22613078
26555632
22135629
16311661
23970770
16413061
15355926
16441575
19936999
14431400
16648907
20123288
8181322
16676605
17835397
25841306
15251064
15961241
14573215
15290391
18932935
16600681
17678288
21698794
6190542
25443965
17044037
14486811
24232358
14451261
19400197
15949253
10117892
14634720
18606767
17946417
14314045
19995370
22836625
15202655
14200610
22858466
14616784
24009247
25728720
22669175
17217995
14457170
25116435
18539631
17728899
6513952
18363508
17583639
8453452
15305831
22984928
19988765
18403718
4109961
11263572
23211743
23199841
14865439
1462161
23593867
19042466
17757005
15919593
19512449
14314467
1917991
14272119
8391722
3656711
1223101
17894233
17828498
14432003
21056692
19042769
17282188
15335065
17488225
15565576
17633413
14378196
14311334
24205565
16681542
18222808
8217812
16966928
11071
22951966
15272110
23298170
15464038
16176755
19173391
20480549
19434171
21379486
3746171
22268076
16365251
22495896
24502952
23060782
15276401
21179543
18276100
1734381
18103141
20696806
16897314
14786473
14779563
17304367
10396
15819292
14079425
15808502
15591360
14652452
16294267
12611642
9508922
15816164
20643704
14677225
14632998
14104847
16273972
5434242
16732982
14451294
13206842
18536826
17945904
4278201
14725110
14389031
1702731
746323
14334898
678953
14687806
8820652
8596022
14886375
10355572
15105269
14874772
15743570
11340982
15274836
14523801
14118444
17801505
17248079
14433007
743763
5210841
898491
9720292
30973
14224719
16469829
16559320
22029942
24194609
21447512
20220682
22467432
18791763
20167139
12254222
18484483
17116782
15293750
14869478
15228169
23340901
16082844
16220168
14192371
20825921
14620313
15508743
11450112
23461603
19216162
16412744
20465327
69893
18087450
19430520
17425670
22755015
17341395
16146688
21219472
14315918
12726792
17527642
17012524
16849086
9985802
18238282
15825334
22543623
16876362
2776801
15836440
15959560
21266648
17500821
15127641
17465796
21823932
20068130
15393507
7199762
22416004
17446887
16834494
16970099
22425474
696193
20200860
16985697
19939454
14019992
10878262
17785576
3036
20415405
20412224
16319771
15663648
7528292
16429977
15008130
13494812
17242874
17809060
14748973
6347942
17293364
5653432
14472038
15221655
5989492
15131310
14467906
14352977
13976432
13138332
5449422
14728782
10867
15117375
6120472
13082862
11294522
12582472
8071902
21560717
14669398
20506424
19362341
19660361
18931466
18157820
21533921
15600217
14395912
874
13457722
16446860
13547812
18267655
14430060
18932164
15991049
3533231
18862968
14389885
4155211
7490342
14774895
11911952
18225966
7799412
14820608
20575042
16692771
8360502
9274492
21298054
21715029
20739510
18526835
21696500
813286
816812
12949292
14674690
14492964
17945582
10414222
11294152
14445617
17225939
824157
18075767
15329554
21464590
17850012
5656402
19880775
16150075
11443372
11167182
15510756
616173
12144232
14389132
16388972
16819278
5417132
21503594
14550649
3382
5554222
1327391
12255212
14718945
810250
