2476895522
1516758181
1243126304
19394188
66369181
113049430
119082909
2574072036
430866983
43922300
1330457336
169058509
423362558
93665089
23754854
102987028
346316391
30767393
2597413135
91324935
2434957435
132806820
79169144
17629860
2359926157
15814036
39488770
1662923078
22342567
75237089
165506153
923971573
129057534
2503480063
150931204
347035710
1707281120
108577950
84784860
252018855
2289628938
161634802
2433109729
35222128
65480980
54463072
707048490
1207050750
1316811403
263090427
2183816041
50201737
2449182559
22513829
73431630
2415762560
2434337167
304971850
1141637624
1275040430
1447949844
84021687
76558553
294025033
2395668313
177156614
143776014
24668049
86734482
1867843520
2311557998
30417501
57951981
1072993274
28082599
61458407
103849564
357389251
292765961
108006063
373410448
69250127
100363256
40187571
53882307
296107913
2312262702
215224249
2275687573
75509967
77951589
376180040
59352420
14120922
16906470
78259714
348988523
122959195
64610462
44588485
394776256
328941811
141633175
910611002
925094390
1552045182
15519430
303797922
84249891
17675093
484503065
1910442534
260251320
346405207
1263706735
43434364
15146221
21510643
46035907
348674113
1974470773
77732185
49511619
75989138
1288175774
138155559
579049958
255363597
1317076194
22185587
135085257
378126181
14760750
40441106
1856414335
189917061
429864309
147864545
331816614
36052760
204250309
37869117
1657730988
164596794
382728892
54861751
751400048
1401726968
388272261
450539646
133685250
1031981696
313821336
794593244
111854692
23587481
151432737
18373968
53009491
222123736
75246331
77744804
208417986
97913631
146020049
17735875
87484569
85758876
18839785
586361294
37179759
49744183
764334150
1324334436
4126501
268676434
34415265
20449410
14321959
15148807
63073975
116524405
1346439824
1111282716
1099124418
139897603
729997920
52763416
936695288
749963
1100927498
308387745
1227253801
358127438
1339835893
1175047638
50306637
34251170
1265567461
17701394
1251083774
1269695654
58243368
75019609
167452533
453507741
42394827
81236782
18159548
17767011
615005597
120153772
121208305
130104041
252531143
635194861
75816710
254650629
42582125
94022742
37629039
404158121
31709458
72539202
243584516
74964902
18681139
348047778
17991281
107168854
34556758
28213516
18455744
265178794
68164273
21771952
94899942
503027535
47083884
20664363
405427035
23568949
237632983
17442710
22518134
14293310
59983585
524262813
14201574
55325634
529298636
17659982
11695892
51968133
113474316
44317593
108088376
258283931
15300300
17740429
12984
617812352
230140702
246194416
41083120
17482727
14175873
14432550
7788062
84001426
143114327
14328066
332188446
444970866
59808841
331136088
311601261
213539531
16369150
2513671
99471291
9624742
255117773
75695920
441636351
15440447
320746576
435202527
14889248
130159846
17797666
505694805
317015936
248795646
124940529
79051745
21207462
440662588
37641696
38173651
199597160
31135086
278349375
100174414
79120620
277434037
60959527
128217529
68977380
68069915
122453931
28359405
371730289
373416209
14072706
60247413
36717227
53556894
145607857
97865628
339040963
19194900
48337448
4047721
50944856
3374861
22558481
228713457
239237217
21734241
21711202
37961036
19693432
76134964
49921552
94758424
267657721
12716032
17874544
17152685
122579206
250495841
35459949
46073276
34351681
16109501
45161002
52703658
26997136
138822469
18185582
18628451
92332298
9397732
203827751
20771519
52171246
44667113
79692602
18635843
4322971
57261575
151770273
66695578
44704537
219617448
47685065
24705126
22817189
16237067
37168231
203872812
14155962
122928781
138875102
41048052
80330381
118757160
122995784
131873356
45528052
146832501
97537762
145125358
7923652
120965579
138376017
21551205
86254626
128155589
17381587
84352985
87174678
123255714
87170183
21742517
42392606
53790896
20609518
17717614
75854417
25966181
5402612
43568964
101311381
64049044
34197952
52339151
53256946
807095
6809452
57928790
