226502805
41305464
47543773
70416188
20571756
2574072036
166665752
103849564
2336738822
111316603
2500955780
15211669
2189716682
138822469
2359926157
108577950
14201574
331136088
2503480063
42166279
26566469
46791411
50734257
610602159
568904341
37589601
1674851682
264814413
307214153
63073975
465243235
381289719
282523635
77324878
1860506294
798294925
1182381266
1428554432
40405862
268676434
123153549
39488770
1657730988
204832963
139385992
584491396
1111282716
331548507
631289812
381996403
95023423
237632983
1434251
1196254680
280098725
14123751
11178902
40252336
141496671
116746970
601663957
98969077
22900775
55251954
488751763
108252113
972651
143402639
53294309
17093617
482835754
67545361
101779040
155904242
67851778
14514804
37137720
4970411
861083240
754613281
216299334
466882955
577953106
13507972
87170277
97865628
17381587
389702353
546240953
11187082
70652594
56318573
21982720
41814169
303059786
450497116
332188446
134047949
201618999
514488542
86254626
6536112
292765961
17482727
353066754
232586574
244957467
5402612
20768539
18373968
57671815
452102835
245687754
161634802
22001973
52369385
16727535
177547780
401613868
451215777
56969826
80251585
451869617
100363256
19895282
55325634
46403451
350922801
6463042
59157393
417632438
277434037
86282652
158275442
14444461
41094453
138387125
33467275
373416209
45112524
357149990
29971409
97893963
17006157
243627457
45828349
278647263
15439395
76294950
70663487
15093629
18170896
92708272
67575861
72097956
177643755
20609518
50943008
807095
59983585
17211291
29368590
63452894
78941611
176295495
124258971
122995784
88856792
92724677
73635568
145125358
143776014
23719690
135421739
120965579
96101258
95425326
50684862
122453931
87118217
113589673
109275593
87174678
59808841
23061619
19929890
58173133
84276772
70179948
101311381
83529586
34197952
11695892
48706493
83773894
7366752
56304605
97169575
52339151
24705126
