1267138314
2168092658
138002210
459968785
339442834
184473999
56701362
216447259
338304891
14836197
17329538
42220353
18839785
1402944379
30047168
1732696466
271274768
283916211
193767799
179850546
63386679
1534534748
23760629
130368147
124258971
537377219
1166196738
344634424
1450530446
420503585
149553158
261090708
1546101560
32546266
237428802
27602673
40884854
33549200
57928790
923189442
195703895
99642673
76294950
540167568
575188047
461802946
70664813
235249531
19895282
864505447
17344226
394129778
58756078
121677709
51376979
449846050
91527470
109241992
232223075
277434037
55520719
132385468
294491798
172009188
152257844
87170183
145125358
76614700
286064020
347257032
207113156
57272886
163540640
205636824
146414919
100775570
88856792
135421739
62101279
92726549
