69771400
471741741
1176135546
81236782
2325637082
75528474
120680602
266714730
1726006819
56685329
264017239
1588390411
56627441
38647512
24107523
75989138
311601261
22817189
103849564
2183816041
1100927498
1910442534
937540782
67851778
122928781
122995784
55492149
54200821
141633175
24336973
76918079
75235841
8117362
52466389
303180016
604354270
224599855
61458407
711694309
65473357
560953223
1856414335
406603208
458523840
94775494
295251095
21841184
56026433
132385468
101311381
384239903
15339921
83182871
258283931
40187858
77417639
22128321
1251083774
100363256
14316371
574482933
616253307
144026920
80512999
130368147
145603832
18071358
106513394
58243368
180735832
992847810
38800236
14942593
129717292
54910088
358814014
287156977
570603685
343600927
14916964
821018354
561308629
45781300
240649814
360155647
19329136
41766099
75961872
71504313
34532755
92708272
356893311
121044171
17717614
61430081
97573483
215224249
19064614
1148102359
14175873
217514102
111858408
318555418
150342089
20844327
802768088
113850440
18373968
296313827
84021687
14300638
64433320
629637437
429864309
18745932
552842384
76383492
15143478
113945245
58444832
51241574
1061359813
15271141
20907214
33992890
304897961
373410448
365368911
105205979
577953106
101779040
78675960
1009191036
73043514
57720095
451215777
452050314
577377400
601663957
376675937
125567504
53719394
43017766
130104041
74129593
24059402
77509999
291154502
47105572
374526155
74105075
144114994
67556747
16548023
357062330
17537467
200977317
123231276
36076870
313332313
79692602
568286242
14197636
14417794
57671815
18185781
46062566
323839489
232550149
14582087
35202527
206523117
210663553
55814899
20015311
243584516
92945681
153703098
47543773
307786551
60036231
2315861
154099451
344156747
29391063
70663487
192496596
312790865
23560475
72539202
116746970
307267830
17797666
20664363
458451038
69541557
557719049
102987028
19130146
28809199
401471773
27602873
405427035
18210579
49595583
18354016
372677761
311397912
161761501
281462108
365472823
383684745
86478153
19826509
59502495
14905139
70179948
95588504
39778096
165506153
372346211
60854867
56680629
57356036
120737021
270267744
33866039
41048052
50944856
49923337
357481385
18538525
41103293
240571436
54463072
331136088
94022742
105130840
14606520
17211291
45103737
231720249
35420621
21168995
223831644
21331318
73431630
132517082
428792888
71201743
47595335
56039856
75871124
111316603
42018126
65851020
131442917
28075840
355989081
22763833
171144986
51541583
15070672
100724180
176318365
225440016
18628451
229460940
139189823
373416209
37872206
25966181
13507972
99024757
40673794
73871975
35721263
59531743
23049916
66084927
60015540
2003121
73334533
60843563
29398579
143776014
49869921
171447676
109179335
74937547
62443954
43290136
57906766
42392606
21985976
51749848
17983583
16507391
130496882
43128194
16485058
20797965
14843968
58777972
134707099
69672724
18452469
14411773
16863696
40794324
94532626
194213012
52339151
219617448
256495314
15093629
7366752
17247796
86734482
81804524
17668544
11213082
7753772
70652594
8167022
16542390
45452226
31894188
14125494
19693432
19897138
29978770
25447646
245687754
83837111
17433151
27473499
123153549
47814229
6591712
158414847
75025780
109353785
123640393
18205527
15400426
48954044
31709458
92332298
36623042
11374332
17293897
138822469
71473052
47874669
20248093
56350183
113415132
27239648
45161002
47571031
14444461
816653
13424632
113419517
110384744
35927341
42043572
25950101
31632905
24338525
8933572
41094453
38186442
29159712
7901872
28987977
215323165
68977380
25106021
7210402
797515
22771488
15146221
14201574
16303106
89914379
26792275
1652541
14089830
14433293
16589206
155151279
16665684
9457392
24350287
117987735
99211591
57879889
116524405
807095
50113969
75714954
19697415
11695892
63701470
14757065
53640157
14627653
115485051
53355887
21020683
12313032
21742517
124258971
47884124
14460636
4519121
17710740
57261575
48315849
20751449
134758540
37034483
145125358
13619932
135421739
67712707
18861574
128155589
60532319
18756042
26192743
118757160
14072047
76858507
18972148
15349225
36327407
39033015
8834252
40885516
6465702
21124839
10833892
19011374
108391251
92211391
14416959
57561035
25441644
797206
61755650
17145512
4970411
86315135
21395825
25978675
76294950
86254626
87170183
8805142
12513472
6509832
39240673
11006362
22179561
15620533
19658826
42350663
60937837
17839493
3336
23061619
5988062
63073975
14511951
14369310
12954612
14293310
44704537
14689777
6809452
14054023
44588485
17482727
6463042
19929890
21551205
13149332
24705126
18839785
66782978
9404762
23504870
23827692
14075928
