70337939
2234457776
2710715024
2706072331
141082346
21725293
981234032
1657730988
1447949844
2655767737
60290580
44303210
25106021
71602748
2650730790
67275343
17717614
73043514
2383591
420943164
330873327
2602959463
2517946027
52364685
27602132
1409729683
180505807
110360770
54902524
2253142422
30935566
270426592
2469605695
786958314
30187802
14524389
24359377
135451662
92211391
56665367
2312262702
14637342
202263051
15776193
61409445
14248346
41606534
66782978
488908367
713600472
20128590
1571995669
277002126
128190776
18366049
149919832
53719394
402598880
366947884
56347280
2471089760
336360794
357149990
58992907
1557315432
145538113
222516693
85022762
278439227
354765071
613212519
46034142
17836026
7127822
73871975
12908182
56657839
19063425
28774365
66363218
347104230
264017239
20963854
115061939
17912168
128044583
21668515
17748632
118024094
157730313
57998991
89336577
44599982
52351621
364488011
602317143
14506539
614205773
90103311
65651455
6619342
24668049
116174755
103603559
144114994
31450163
14277764
1221479310
135216912
45585366
2237652775
2280144259
54123146
4155211
337040675
12152152
94131676
112127485
738008988
52466389
147053142
345588852
142700424
1429656900
81795804
607071119
27063263
45781300
318555418
24249674
902534288
193570988
55323521
318201824
484614247
1062720092
301947713
349582662
76997832
56927066
58140906
39221095
45376619
17684734
45805012
572225652
39318234
60126720
1062668172
485500287
48684014
471785278
482204421
91360577
54627767
103849564
49974387
1350259454
21665306
1408457989
20491941
493314517
63415269
21651160
246194416
132532273
58444832
101475109
78675960
38580897
83080217
27206387
1159040786
69251695
128221709
121046433
209463426
22917705
296703786
65305565
20259706
56627441
38393426
58422128
309824558
134235202
97573483
18894372
15671794
136408553
48706493
18133779
328996951
75528474
275482496
25658247
100722499
103276382
103952201
223796444
105061245
69816481
51390936
81341114
77193761
85657578
77509999
32390618
29257288
61137370
109556793
123575653
53009491
41950178
53126802
52998924
67883526
28774874
1390774560
292151747
80664593
260705412
429864309
55043433
764428064
50570785
99170597
22922104
36806836
234707691
1501046870
75714954
95385188
19957734
285454134
313805582
211862143
367009282
366584207
85722738
1885511365
376627530
56326354
896126702
628367601
39817648
42823484
68739094
263205895
241702622
140110804
40884854
933797083
97633212
44089631
119453199
370446850
79118911
417763356
227718230
145607857
454423088
100188304
50626388
570603685
57252781
14236327
313332313
113850440
78864231
80318791
561308629
42172403
591
33238084
63749116
145610422
24350287
36338334
304897961
82570700
53762755
289902730
229058033
42583318
206523117
58205533
616253307
77921892
103559605
44425241
67551899
48990944
119329716
14153777
125946480
17381587
318911444
399861106
39698381
115604908
6591712
557719049
328404936
632025102
35291908
1546823898
18185781
308462961
6809452
1061359813
95393214
54482592
529561675
554229469
55630431
71473052
620831158
93631373
555674338
46844964
28535232
232549583
725553
47137923
48537997
19811479
38718720
14087270
366627037
24550621
43662381
82022015
49276666
345208464
56932121
120737021
45530973
73334533
66084927
84065124
307267830
42950216
606234460
15513899
912120763
28809199
14120711
357062330
59502495
223831644
441750929
29174664
40187858
50201737
15332486
365368911
23925152
35202527
60312060
49869921
15146221
14201574
17659982
16376280
25441644
11589192
78598071
14054023
16274641
4832871
15255795
109594410
17749741
48990228
51416299
153856476
20123671
171144986
134332645
109179335
205864283
15308679
252190118
109853283
84276772
431969214
39541385
53340976
84077133
44663091
49946822
36334838
135822376
20031444
32815263
101156870
15443742
22771488
311601261
68950331
21551205
8834252
797206
127790650
21014078
22817189
49909770
312790865
458451038
139189823
280098725
186388502
252279354
18452469
607297826
89470722
18933983
16485058
74937547
139385992
1414761516
381674024
36076870
23792942
115353781
29951362
30831205
323839489
68126971
76898199
789326809
102987028
151432737
26997136
44704537
41094453
154875149
75759775
454692246
111847485
68044757
423615378
17991281
6050
28632371
311397912
68497896
26702766
141118941
575188047
15966603
13306192
186154646
1362260797
123287206
73774016
37872206
28515858
22235412
128431150
593643658
66997885
11778
31085640
150984645
39778096
29155725
31119205
374386549
121366894
42043572
122046636
188787131
115017139
29935815
32843303
42414011
20664363
53555106
38617902
34851623
37589601
44876207
40003120
17685843
74763198
347257032
16910591
62356591
102085594
253414390
284277011
262391125
442028192
17754063
146468921
23560475
18628451
21453226
138002210
47543773
57671815
120798921
258283931
52378823
90680573
31123350
348373714
873334429
171870273
17705856
35723019
7366752
28959947
55251954
16449839
18840167
27656162
18761671
58394273
39040309
39523524
189035181
40420300
140025069
101700821
237742285
83792786
57235218
23418415
57921146
18639738
53722000
116833605
180123262
198102660
16200080
64160613
457413754
394129778
25338663
901440900
264261121
58897898
1028833460
46073276
58761257
123822668
107506733
23719690
41769296
145233925
157526840
50944856
291154502
118989667
18320938
77731827
15588657
27681578
84133138
77222698
137239956
1133149663
24338525
156345039
9248492
56039856
183213825
67556747
594009101
110368925
16282892
16610109
13248622
632548675
120680602
324897050
129321232
17433151
955747310
270078718
86867430
119327640
52011360
40814171
63073975
65851020
8805142
628735456
86290255
69893
279449435
36640651
274697954
343475667
203827751
256860424
78206626
229460940
238220521
1000262514
44635677
94816809
472874996
50979871
145517249
372346211
78340597
91058553
60015540
18719434
17337231
60247413
54464822
30829649
264411702
313656975
207888272
71380521
82090654
32932401
562673957
144846166
111416258
25482776
55024445
65036099
192997844
825647924
103061572
79402995
107012281
102364880
19031819
75509967
72840863
788678898
21256619
29391552
22344682
28406270
50236676
14676436
41171851
38338382
38337010
25113550
45814013
204144236
282409871
18201808
280984963
297043367
128306211
48034196
15978244
161955453
316389142
54861751
292114382
95425326
59983585
34046228
157580899
328920303
511689342
596177884
223958204
34667257
18872373
49940421
215922507
29978770
360446904
35210733
802751
35440351
69501723
59724733
16987571
17865488
287541007
210792232
106480154
387084962
6509832
293433652
18205527
29265181
20665651
96101258
374526155
38856791
140045236
58777972
67578390
87170183
95023423
85259573
250644770
31709458
404283614
32766557
274940372
162140136
41545005
383684745
151712545
14214634
90773878
41549052
372121097
15431854
128260991
69914008
111615736
38403110
114501238
113419517
31399326
97865628
6497652
87143470
14369310
54525773
131442917
10833892
87233065
13714442
147551629
7815702
2162791
14905139
314441881
108577950
17734669
121044171
30175084
382764824
51552352
23578782
158275442
91294913
424101490
24359645
50255690
46864800
170650350
92906057
332188446
53355887
137616033
53176036
35150939
44871646
19904498
90552683
39963385
119682365
34889807
253362295
194213012
146385708
12390642
240368194
238319766
97829840
26708210
14120922
16507391
65473357
200977317
15875921
41799998
56931669
7851162
121214442
379030959
350728896
43040601
17249772
37982101
170864459
14617948
356107772
52365250
19642916
114183107
33252746
118538571
25256154
60016554
42350663
19861550
86315135
64526820
83548786
82797320
14522546
19424591
21887420
15066760
32535385
15066314
13214482
35836792
14416959
58241177
365042466
364758384
163952496
97227363
116677732
9457392
17685964
19224695
18839785
42604232
58440559
60576851
17652196
46887720
17703651
118670079
15773308
100723022
128284920
269690347
117434065
133291003
126223525
202999809
82611050
18210579
16024752
20449410
51198240
23288055
56446839
26127836
51293597
277450472
18131765
302449111
43325938
135065396
105783183
99902560
296313827
294997711
59390991
45795794
47753886
14843968
43041234
15760192
16556060
285490638
23462579
52176863
136583685
20907214
141169353
285447684
55862002
17889970
16653445
263292498
28609814
22558481
25295123
27305342
83307691
124818259
17293897
80273245
36555747
21035409
6480682
158414847
243627457
18215980
36355591
102957248
69369554
36013853
28987977
112387795
236813029
134707099
20404983
51982587
21177821
41821428
83230570
47117219
17145512
121004773
213371433
259379883
18303283
170792499
61755650
15895441
32441581
56336341
111519809
188911050
25658064
173958524
18948541
187101087
174747046
67602060
16095521
91525942
47080299
99211591
25478634
160817572
17088779
15977875
16983244
37600239
38479920
36717829
49923337
16303106
17711814
113548018
28547858
96521389
68392035
79692602
139823781
1501641
14824849
30985586
48381683
152379033
58601997
112073223
76837212
151559076
131604135
85038080
124074001
13669452
18538525
121398779
111381815
37629039
64039588
23049916
63502762
63461020
88856792
18758940
29159712
36023633
38394217
70652594
44403005
10541532
120668520
27851489
214473
101208950
18388074
42573217
147183176
14720492
124258971
22590505
18547863
17080369
18861574
96770886
15597047
117732057
23930272
117987735
86734482
53989417
84352985
80189063
143350463
135421739
16927719
14754472
25717646
120965579
23544596
21369740
79203104
54850095
138044104
139162440
92348148
59141880
43073074
122192878
126330900
37862710
115485051
18155765
18843687
51959240
20528353
1106311
26442842
87118217
53790896
17191306
4519121
110248969
27473499
37207396
112508240
14818658
36297888
26381686
5971922
24378511
15306182
14130831
21395825
50818610
16924685
75074037
18410368
18934988
44401530
35484882
108252113
15620533
51500165
17453527
22084427
70179948
18285948
39561944
52269052
113834253
23586955
29344169
25725698
2510591
39899730
113675380
34131007
29374895
56969826
14072047
17482727
71256932
64968252
15108422
34675837
90430894
97140046
16883243
43702823
48315849
103400987
110862043
8943
14626334
77339918
14629565
36623042
32758143
14689777
64119853
14697486
54495103
77739297
31758240
14089830
15657647
75968207
107168854
35531175
4047721
17743281
110494071
99693145
79924840
37999722
19769757
15319555
37882420
36052760
23568949
28168846
86254626
17865524
11006362
30880281
18929184
45025729
59513021
44106400
45526896
28095595
105820886
99053372
21408397
14348594
5520952
15227791
15253147
16381279
105402719
18745932
16489986
14982267
15443604
101311381
79915337
57928790
18089654
83773894
44039298
41904540
20155652
40306315
10810102
87595338
52551600
90420314
17535271
56304605
76294950
35927341
87902849
52339151
90565865
61167094
66334209
16448593
23061619
51376979
19929890
67712707
98992586
28118350
14681605
15855171
20978103
26604904
33342154
291
29636426
56333749
55561545
75276799
52309665
96408846
45060392
19899742
96699988
17682538
17588274
51729274
14568222
72209345
44573027
17690534
93674071
28848414
95380006
89146447
25521550
34244489
86671772
91265467
65595809
48972174
41087636
45090905
22477940
21296979
19895282
58173133
56913467
84528296
69771400
19409179
56312411
62290422
24705126
20221159
27457788
17853760
18393773
15846407
6211972
5248441
86422542
3393521
43192807
14677117
15439395
53153263
3004231
44335525
43568964
25489250
21982720
813286
14790966
23503181
17505585
12044602
22461427
23922282
19637934
18222378
15473413
18863815
19058681
17266725
15485441
17220934
29209362
44588485
86105390
38536306
17732153
19430456
18337743
38611183
17587207
16943339
45724110
7871202
15693493
71273952
18713254
6480652
70082512
71744571
54274966
32735740
20463290
50919611
83365750
84499677
17657862
15463554
54434519
27599684
7923652
36892884
16680002
35429743
26212315
5358
988181
83791457
60627232
19962738
79537295
85792384
82058995
88927039
14204007
44296450
18523087
31013562
57262449
7128942
40927957
49064714
88725170
24447643
15147397
19064614
72208910
28784092
75226426
