26997136
17152685
130753065
275028829
105998402
39778096
245208137
477212953
84252126
39982013
23568949
31365776
451869617
399923070
712030506
53297738
23310483
2583707576
1263706735
199766003
488341452
2573118266
2451677777
1401726968
48988376
23061619
70076942
21014078
20158276
54463072
1627868329
17657862
723664320
25008422
30445481
24705126
152556754
927165908
920466205
470178046
64744912
147931936
2433109729
134832284
614260197
2311557998
388451065
21023146
20256132
70633285
20771519
90687780
64488643
51968133
268676434
40405862
20850940
58415809
2428265304
86478153
23975060
64610462
19182063
287194246
1631816634
94022742
189917061
928219752
150151712
33338729
375489540
97913899
18893137
2181554407
36052760
263152462
108691306
1683455346
256495314
197149397
117782900
925094390
1344897174
237742285
17249208
43729784
16398344
346316391
68914690
14756306
16425775
49105019
25428669
303059786
473475947
21565678
308387745
27602873
1089331657
117013227
69180921
246780416
293063175
458451038
56625574
396353031
1247631535
42350663
545110987
207567836
44425241
55176833
963706328
47598224
16575847
60502342
1316811403
1657730988
31611246
154875149
14293310
612473
17842366
16895274
11348282
541985317
48007306
112321356
1260876780
24153416
