2545159560
2542066692
2542056559
2544831126
2511605761
2649784225
2520954542
2543059789
2649559345
2589413389
2650408862
2542400358
2520046530
2511543860
2547509947
2543127122
2511593648
2546346204
2541969931
2589301338
2542182632
2542101696
2548330484
2651447846
2547523333
2650223588
2542225274
2519055432
2541906812
2651372424
2542266367
2541911100
2519276366
2548457887
2541891986
2546405030
2542627638
2541910244
2546483755
2518792106
2546982895
2519049354
2492241290
2542016149
2517892076
2511513361
2511451074
2543828142
2542345484
2586378313
2520174626
2542531729
2541953515
2519183720
2547021852
2541846014
2516277307
2542131037
2511428526
2544289272
2543057257
2511455462
2591845207
2511489440
2541892484
2544079237
2547150397
2484701546
2591952396
2542223948
2511455096
2543674964
2663864510
2541934532
2544173010
2500059314
2548317374
2517107586
2649891932
2541869244
2546224392
2511600974
2520880518
2542227278
2649537986
2549226006
2511549199
2663870803
2651480654
2542989608
2484666932
2520368750
2511522654
2492186953
2512609262
2663915972
2541909990
2547471091
2511502681
2484741044
2521482758
2511531180
2500053457
2521437068
2511517213
2500049911
2547539598
2542327280
2541818414
2543347615
2511578310
2541805788
2521546964
2518624015
2511448411
2590127934
2547054152
2649539066
2544522709
2547131233
2500052803
2521102712
2542861854
2541937453
2544261420
2542707830
2541937015
2500329223
2542168910
2541924630
2545856509
2589254125
2649769256
2492896020
2663937632
2492153258
2651028463
2542885849
2586358364
2543947867
2542924206
2542014667
2521616137
2542481826
2541868980
2521555164
2547076772
2484736338
2533054128
2518761708
2541804414
2519194273
2511535884
2541897096
2589535344
2511613322
2541891571
2492322194
2500176600
2518539092
2544315181
2542494403
2541820284
2546558024
2589246470
2541881618
2555599946
2547039186
2541854358
2500223820
2542938750
2541881346
2512319041
2542408244
2511426264
2519043572
2542173817
2541882858
2544119455
2663845920
2511461978
2547595933
2511492746
2542071517
2543837636
2542511503
2588003384
2544298040
2542718550
2541882258
2545222524
2542123014
2541851478
2543733043
2511582630
2511452671
2544778292
2511627085
2649560599
2544315462
2542529006
2511441632
2544757153
2542695216
2541896418
2545377644
2518558800
2541923101
2543588426
2542760551
2541925410
2512300598
2542275570
2518537482
2591691558
2511457776
2541921860
2517799644
2591508217
2541880171
2549192832
2500065518
2541899220
2545326674
2542859310
2541939228
2547368058
2542511089
2663864659
2500434956
2542666056
2541865362
2520240972
2589221406
2588063917
2547363242
2542530121
2541860677
2588963114
2541863413
2651052781
2511587174
2492166116
2512302685
2500180700
2541876146
2543318995
2650096056
2541892003
2492996490
2542823072
2500647290
2542714238
2541995630
2586349556
2512480838
2518793245
2492093232
2520032612
2542445994
2541835614
2541793782
2650669686
2511458604
2541936739
2541791994
2547457291
2547149623
2588048611
2541820339
2520757698
2542884068
2511424590
2649519042
2517863112
2511643628
2649519480
2484739404
2651314123
2511576576
2511449706
2541794802
2517910404
2518642597
2511461887
2518563769
2519170831
2542744442
2541817729
2649534818
2546139192
2500095535
2511441037
2586350714
2546815627
2649889507
2541920504
2542008007
2590487208
2568485822
2541907100
2541793218
2484749870
2650527798
2547382915
2651198845
2500248817
2651609197
2650812900
2547525894
2493045811
2520319998
2517881154
2517227984
2651409186
2546673026
2521615316
2519249046
2546646150
2520295298
2520344281
2544546193
2650669032
2565032054
2545278691
2547414330
2544612061
2543400224
2544788156
2589347916
2500360026
2590380992
2590583762
2517765860
2521569888
2546453528
2520102240
2547229898
2589550867
2589599467
2517405710
2589960618
2520592826
2546371387
2546289811
2492882017
2544193988
2517801150
2590153303
2650545968
2521683469
2546662062
2589988994
2547229374
2545517874
2649787596
2544167660
2650087124
2651149484
2649930661
2595068352
2547055183
2544444378
2542174374
2590179866
2591495016
2521429237
2542318188
2519240017
2542239847
2649521850
2544678072
2517351674
2547279528
2543170208
2543783448
2544807277
2544482312
2521705010
2520102948
2520369716
2517695466
2545519850
2512505930
2545629433
2590232467
2519238812
2521695354
2517467611
2543903604
2519250708
2590011026
2589845479
2520074462
2544157831
2546058230
2546660292
2519008231
2590246951
2500572888
2590233499
2520469142
2512531819
2520270900
2543250463
2590319958
2589427440
2544934687
2544050874
2520330355
2545715498
2519289924
2590578606
2517580946
2520304519
2546406980
2547426758
2512193222
2546252624
2548660051
2547258487
2545556642
2500398948
2521465789
2591717220
2547370602
2545546579
2520930968
2591748128
2545567352
2543407987
2591733842
2520582260
2500269193
2512749708
2555575560
2543457758
2520492680
2546442182
2589979232
2518876032
2512840482
2512202612
2548644608
2549225298
2521033549
2590456345
2546207911
2543277211
2544961711
2545078159
2543846971
2591730271
2543288174
2547229956
2492328054
2594865769
2546441378
2511550520
2545189214
2511478171
2589665023
2547111906
2516639461
2589076302
2546734848
2589118412
2545491926
2588077159
2546032296
2511498986
2520628338
2542615345
2547218166
2518607473
2512577430
2542374042
2590501742
2547089352
2594950813
2511582271
2546812590
2542498237
2546117550
2542065552
2512260745
2542205720
2590248559
2547063456
2544477624
2547140414
2517386810
2521334784
2518989049
2542452672
2595114241
2511521407
2545547790
2518776020
2590283029
2547042494
2521581194
2542849531
2546469026
2511551023
2516858378
2511473778
2546296488
2542495932
2590518721
2500175912
2546296590
2511607519
2543927629
2589350630
2520903534
2547014827
2544968792
2589166310
2543261540
2511542563
2518996549
2547019248
2544285104
2547019356
2544051582
2511520610
2520926329
2500127046
2512663068
2500154942
2590184113
2542134944
2589310531
2511630062
2546169404
2542926338
2589978788
2542527594
2541924732
2544454376
2542413463
2541845696
2589979340
2547123800
2541846602
2546206524
2542264111
2541952021
2512409772
2542977900
2541864102
2492942953
2542832174
2588025398
2541791196
101430218
210094153
163802276
231778145
177194756
74732840
