47588696
26534739
2688327307
2160477601
53256946
33194672
44693532
1380986642
1513504760
1642473805
21002587
81546053
231377539
17741799
78210838
28350927
219940006
1688692525
67378160
433632421
49511619
20963854
44425241
16343974
18585712
33184839
90606511
328967731
157751653
312790865
292777349
117477749
938760691
1282295036
83462360
286673035
972651
1227253801
1344897174
11589192
145192054
2320539146
34344687
471741741
15804695
2497789662
117341432
1605692461
92734920
16388470
42894332
993001615
223831644
46791411
77732185
207809313
43922300
1163496018
131873356
271216219
3479
2227695199
492932337
359333693
317312072
831470472
1500426494
21476182
410220327
167452533
66309141
75336429
17937017
1582853809
21186231
2312262702
2289628938
262132380
8834252
151432737
1887336738
50924832
2311557998
65677164
76294950
252413942
40673794
1148102359
2222673457
166992321
1365252054
294374354
331548507
200748007
120649992
925094390
252018855
166665752
165506153
1447949844
21985976
226140741
75509967
923971573
35442954
131791334
24110876
215224249
66782978
20844327
339172099
1673387724
34141121
134758540
68977380
79169144
203872812
38800236
2183816041
1611887712
53719394
18133779
54200821
357681155
1561298898
1894273993
103849564
246302879
1897514666
60923053
415436105
429864309
75739058
102987028
67558336
295251095
481022055
18837791
1588390411
15954704
83778308
243584516
21771952
611153975
106674731
85657578
1061359813
103245739
54463072
129717292
351568421
1620056192
53581322
11530262
35202527
122658025
8805142
37396883
58243368
1401726968
24668049
141496671
97633212
79498684
57092486
17666692
347035710
30823468
283632721
902014790
14089830
1269695654
1056850669
1346439824
74105075
47083884
64432167
1405220132
1269258001
41766099
82044278
1324334436
1111282716
313385516
14582087
19757988
171997301
162304163
1251083774
123171317
311397912
17004618
198030688
83522606
381949397
302774525
355989081
112143051
251276599
27847443
106513394
542385412
77602866
775723573
451798052
456078308
108006063
41795342
18209666
19334571
154875149
14369310
113568312
28314327
561938528
13357842
31135086
18745932
14175873
751400048
220057666
47105572
75610842
39778096
61430081
61474495
49298395
400737107
53880448
162314138
517401347
365345639
18159588
49877768
310239584
24693631
173392503
72539202
604599560
74541345
329329862
132268766
99226083
557719049
14048734
63073975
1652541
18373968
139189823
373410448
14905139
25429629
458451038
5988062
100533307
154948410
111316603
71504313
83653154
45576844
174238227
187512044
118021606
80107297
226874391
74939898
258283931
24059402
384698071
78625234
23061619
148658143
372677761
331136088
130104041
70735999
114132739
75591370
39240673
373280952
19194900
56026433
76383492
8167022
17537467
441636351
4416901
89482819
14322276
38186442
141084952
72791338
100174414
79421749
54182995
8933572
143135628
240571436
348012737
124204931
44396229
279009908
44588485
94022742
36327407
18447238
234699847
12029502
52090363
85462891
54534191
43384673
46062566
155285529
256495314
18576537
90821118
74081926
51552352
300307207
218401633
64744912
34409839
177886974
9404762
245687754
197413066
70605097
20733650
211848704
136698272
141470251
154099451
75581744
135182886
19693432
49792706
83837111
149090469
61544465
77509999
51241574
115465399
116366915
50004425
63231015
120965579
230856076
71256932
105998402
238568212
21241905
13932032
152365374
55070643
15766082
49909770
46073276
108153063
23049916
21395825
217590197
219617448
131477284
17659982
36076870
116524405
17482727
22848269
71491139
22974539
37629039
63672806
164213375
134561086
13507972
34351681
106055767
46671396
25047495
48642732
118757160
29456137
51665562
76624275
14072047
66733994
76882560
80626496
14075928
21114659
14349786
12974082
19130146
36623042
12984
16924685
27208120
28082599
5927142
11006362
40044280
18937546
90163082
11695892
108348577
100445804
18602702
107168854
23284990
56039856
14591141
95588504
14087171
5023711
15514160
64441229
72730022
52347071
62443954
5985402
6809452
18032348
19921353
8060932
17381587
30707312
18385803
15271141
62544453
15790385
25441644
47543773
50973651
14417794
31351262
17839493
23095992
17728812
49066471
61716396
41094453
21651956
18247249
72466936
48315849
21510643
9594142
50251259
72055182
52092687
19929890
42680445
68462686
65599679
14942593
156763
43290136
37034483
38624666
62721260
8112452
14734883
28756315
14420063
52339151
62723388
15687776
18839785
43568964
51429353
52437155
47446345
49583210
53362897
54539925
14890305
18260121
8422662
17895022
14953952
17717799
15146221
23573291
29398579
36645296
43861191
18644727
32389690
28331432
21551205
19243089
19329136
35441720
