950165300
231124462
142760893
251521725
17373442
833864930
753531156
93665089
541167356
35651183
135667538
143114327
270797700
109213448
816918619
91206855
20665651
195463549
2601523429
2471649716
44314192
57721830
2245632025
114389234
1196254680
458269836
48701424
253018456
59103510
50243741
117015636
75246331
99704849
229441348
39488770
1592017040
2310870667
329783589
10268122
264856221
20945702
276046505
2558396089
270426592
2524687111
2312623711
53169195
80185804
130104041
2218274526
2222673457
123517424
2503480063
103257633
36316187
189917061
1657730988
117672538
579049958
167452533
8016772
14400622
106993974
13933172
71862712
2433109729
179352922
1176135546
97872832
30985422
113980882
927137894
125582800
69196056
74084039
614134623
55176833
15355175
128612767
470178046
1136996138
314792669
49553450
589306356
1616039276
1652711108
18622869
342574531
2347049341
45195808
1121656052
1678903615
2408615534
147518224
115855542
1661826284
55164316
39651945
46631906
94532626
333931973
16955517
199233142
64643056
1447949844
69771400
25053299
1664343276
38161191
30035108
67358777
50254941
565563822
171826185
327335223
290405174
28396418
2151277891
37704718
392773603
2227695199
82556709
17060020
615605505
154826321
108725613
14905139
70410400
921309775
1447990195
1191912552
155556091
223110908
17986699
431427098
1226759953
789914864
49066656
2335973900
537193539
93207700
51717952
14162012
75783629
413719764
20571756
207906489
76935110
2268525607
18388325
117975479
528780915
264261121
541985317
45075446
370723171
15333047
2183816041
573918122
91743693
346316391
14687193
51030211
56991190
35671587
1950852084
31135086
227706227
99107626
214863186
1140278359
17675013
43519872
38218123
405427035
136861070
1402944379
47685065
15044593
305491664
2227103736
150984645
35745089
598524600
321249992
46861140
234759082
618294231
66653709
95437288
46791411
84667058
130368147
841350637
14236943
99693145
53313935
101700821
805482121
117656670
14130366
16404141
44314816
128221709
15789023
14697486
22789080
43922300
266927095
261144369
1867843520
161634802
26176814
33508831
32718488
132700130
574583596
111264730
15980503
72484463
80664593
1856414335
17940246
145584124
44608343
730698806
1572087991
304977752
458523840
47014698
316994994
18210270
19929890
39463701
358127438
1715638082
1317076194
545110987
19894933
38630618
75989138
73871975
1342273550
54311364
151106990
480140004
735122173
322430350
10943762
724818308
15921173
741520723
1244137812
1446876692
456442306
63796828
17698956
338923201
66932802
204832963
262856460
31986700
1617113516
45562396
56968082
28580422
85657578
1546101560
69537051
551037177
157730313
74270510
497173762
65642947
141496671
1274690550
1588390411
51968133
57271568
128177820
34338789
50467846
524396430
246194416
34356916
366519250
42018126
14120943
37137720
16199322
30430455
91723395
151186509
495145422
267755156
260796901
362089206
41610631
306079246
21005803
14606079
16369150
16001827
8383592
191130346
20322274
444633346
38824552
216002972
19348870
317629632
1337075358
58761257
311601261
47137923
218718269
612381535
343315270
210747880
222717086
38627806
251636971
415436105
17705647
59163737
528194476
1364930179
6267962
21392090
1061359813
888324511
50580787
6270422
1376680338
77739297
44856252
44585109
15110357
38439662
28784092
49793
133690223
122658025
370847676
39703260
113340436
28075840
104455457
31103923
374268208
348375714
48537997
571878474
42582125
128044583
291479160
14889460
21134487
118538571
15460683
149840419
191511134
615005597
15308469
852914215
1165779128
274606076
1100927498
620831158
29173795
260251320
18949452
143765429
28213516
71180397
242253020
36334838
586361294
598232506
93957809
14524389
975765924
395066705
295650204
101403862
30826229
78242127
124382464
144944472
415860281
13
40200685
97586310
56765666
38617902
37388390
21565678
19701628
1004116646
11094282
105816524
452050314
103770785
277434037
500704345
117378840
839214360
45582141
43942380
18373968
494804843
48318008
34713362
372837129
283916211
40187858
18856867
15954704
34497954
67851778
79448495
46073276
75509967
54918835
18452469
822793009
21014078
11178902
255542009
56449023
68921793
9397732
57303648
140746060
837216727
37629039
232472888
703509751
118201804
79398709
472874996
299795015
60843563
291557277
303059786
5402612
115878136
389618622
86106315
37179759
41814169
84017421
68164273
1081081
192496596
258283931
17882327
146494429
53097744
8302842
742143
49279876
7161172
141264512
153703098
289274330
361222648
14764622
231033118
451963469
126707919
44396229
17239667
568286242
704849137
87420983
17503180
28995530
248082641
207567836
99074409
47610829
543622226
59502495
122928781
17802221
38403110
29395505
972651
399394230
27860681
94833341
29385549
7970842
345467913
25045354
232550149
207457144
21996247
102987028
22342567
86734482
193767799
16896485
88921712
15308679
14951978
55755371
135835480
67802523
17914570
30820751
62610798
17404570
586330553
65113959
218121039
59157393
8156152
13719562
133243390
19224439
367263377
36641633
14506701
253414390
372346211
243584516
39258955
529298636
416857073
43314813
14440999
34222877
23481538
470092697
89370350
28968214
195703895
23643851
7633852
100363256
113474316
45116820
8622162
42414011
38823441
115535038
4278201
253759960
57411021
106498703
18185781
17005872
78299985
303535030
17962537
57578517
16362006
78259714
398435409
84001426
14432550
69816481
237742285
26748368
102655825
24855741
17006157
306026226
306660004
128155589
40170583
36620861
75297120
46704429
156959228
81804524
11589192
20570290
14054023
172057857
505694805
22757459
18185582
68927629
458451038
8167022
49909770
510293096
14378113
64498695
416882361
55808522
333939431
490442018
33801019
139189823
73431630
33866039
116993018
57671815
17991281
107168854
58243368
76609489
68480547
105446589
102136919
55166106
245701949
321809921
44084893
18628451
17675016
33147680
145607857
47083884
50201737
84286843
20664363
17342842
218693225
37432982
471741741
17797666
71491139
23923717
34870252
80808008
114346676
103280349
41078680
19490073
121407739
451869617
100174414
22763833
245687754
23913238
147493686
18020529
54095018
18839785
344156747
451586190
115378178
163952496
13992132
401471773
19389921
21771952
66106708
293063175
137288990
111316603
331136088
328697687
61609661
124746917
8453452
15156591
42019964
14120922
24509594
33992890
199146543
164213375
30438436
16402152
112127485
89336577
25482776
184682279
28760837
237632983
49578370
94022742
86491565
241702622
32818317
17691072
19895282
86768751
14600116
373416209
124436459
371730289
15099695
56295656
14507215
46811034
108579937
373846717
79966937
36889093
347861221
17715247
42182825
324897050
244957467
43693500
14891755
35346964
229460940
94944961
57276931
80784646
83212615
232147947
39778096
68638036
154948410
89194172
44335529
56318573
15748480
230140702
87440210
130791949
260183169
180306960
46175941
58777972
54665155
36922853
16903653
105998402
16200080
19534873
110025421
78526519
147551629
258673308
26708210
11530262
170854061
143776014
23969249
45353470
226134775
56685329
313165404
19281401
41097723
87986621
157601911
94530194
90628174
254550907
57261575
16307932
306874014
10833892
18205527
23573950
68141821
270267744
300337005
15889970
6730222
256495314
11690822
6180262
14458722
52090363
239267224
91324935
147053142
15199808
111050407
124400170
210792232
5621272
16485058
17732037
23889596
114785416
82034782
31119205
56625574
16299754
271833830
44865927
15685761
259111114
112099774
79421749
14889248
110596374
14952608
154875149
19443612
16695229
259729416
86478153
254183214
99909283
33514869
64526820
123806809
46744791
105468767
87818409
165871889
250495841
77960371
44300967
184396317
18986499
105803556
14582087
26997136
20227265
53640157
15155662
187487350
120083025
21882251
122453931
8385342
35459949
15326512
233198369
17337231
15787718
36717227
14311612
25441644
53042424
36076870
23928170
55541465
10839562
113336648
16226800
29170373
21982720
192739472
91525942
147139743
48990944
16083797
15705567
87143470
12759692
220228167
15203462
18344173
14274685
62762183
69205871
126218409
4970411
83529586
74265849
38457126
219705027
724473
43662381
44106400
51104731
47916750
50679734
31611246
27847443
23633023
16745361
39648696
17889970
18267528
21126842
104141949
36717829
48938287
60840919
14071526
47883282
97633212
17152685
14075928
17743281
80330381
154009144
16218464
20751449
14819290
78789634
71473052
20123671
17423992
130496882
26792275
1344951
83522606
35202527
14191254
56969826
816653
16892454
17463140
110386722
15597047
47562301
14304809
4503491
15865878
93571953
123640393
13058232
12925072
83883736
14677919
115134600
143766231
47543773
115612039
17751229
22685200
46003744
44704537
3668951
41083120
16376280
43041234
19646479
99922138
63701470
40224563
69904095
96770886
14223643
171984399
32352260
14523417
163016009
61277171
18136711
61474495
139535400
17659982
181926187
55710989
18745932
187832841
20225951
61755650
14201574
97888984
106310615
70886565
155151279
34551702
61458407
140008167
15076053
52703983
37254947
89165675
15443742
4047721
15491330
50338138
75544059
41588663
166143203
23719690
70731683
6463042
23754854
15104935
63672806
18872373
127552557
23763445
16983244
16883243
97865628
21551205
56644783
113611550
48706493
15093629
41898533
53256946
122995784
17145512
54829997
16589206
14800270
99868725
38296850
20658808
42573217
59141880
21675618
98803902
20126364
9263542
62072122
23291925
15146221
51785188
125325790
18210579
66060020
113425681
22518134
34351681
80202522
88856792
71256932
27602673
10735392
24671836
66671314
28427374
57374696
89914379
14321959
60627223
41048052
21453226
16803227
100123158
23061619
29971409
17904983
14460636
124258971
591
75196257
117987735
8834252
48283258
51552352
18719434
145125358
39961479
6017542
22129677
82140587
17249772
63415269
47292154
17189892
13619932
21185021
49869921
50228660
87174678
1980081
24139826
135421739
23219225
36135250
19760270
63452894
57609789
30863492
66350493
17685964
100951746
86254626
132817648
125241654
94628304
14072706
69506712
110392710
17482727
14690850
16581327
16139971
45781033
16900640
70179948
31678419
22386399
80779914
47080299
30637469
29133952
56026433
18553595
132385468
104740065
11778
18028509
813286
19441756
36645296
21742517
19011374
17730464
47588679
16237067
111615736
113278275
81299137
22061853
16425793
44876207
37168231
13508182
56312411
17381587
102594253
14376095
14369310
117390412
14920597
57882881
18898745
34163736
109179335
78941611
2445431
38718720
96101258
6062312
101695592
28082599
5746452
11164402
102637971
44858575
65646568
66622532
18118167
13342982
17097223
18861574
87170183
62565300
57306174
93622144
99213137
53556894
33868638
15503880
19851282
2999841
76962485
45552172
92211391
19846714
79945385
56350183
101311381
16924685
8805142
13507972
56688711
56039856
989
6809452
807095
52090157
54482592
87484569
56913467
14416959
11695892
797206
20931860
52171246
13424632
43017766
18932706
65581697
34197952
54463072
34141121
16156062
15588657
20428239
50944856
37570179
8443752
67712707
47981183
17954786
17999031
19409179
57928790
14328066
14674373
40885516
40180002
42392606
66695578
75714954
79915337
60937837
5023711
79692602
75854417
51376979
41552881
14444461
63786611
8161232
15300300
14076943
18547863
66306024
7366752
14401550
17717614
41094453
19329136
15445396
34131007
14492632
45293365
28563472
41364508
10977192
14072047
17616019
6431582
44303210
66075817
11213082
3619381
15285012
1652541
1980621
38856791
42350663
17754180
55520719
56631494
68340487
33464913
45681306
5988062
42226885
14352372
16042128
42581523
52339151
25485344
24705126
40400019
15076390
37589601
36327407
36052760
43568964
15386597
14205676
56304605
25966181
42831219
11006362
14689777
14113798
35786036
4322971
428333
58396469
