10545
18816166
14636374
14172679
417224567
17439787
73414434
69426451
10438082
1305940272
13461
28017255
14365791
1401881
15356977
10064382
19046875
22387220
409462343
17331549
361988832
2573880420
46959157
20609587
419639256
19116515
224180296
4711
165834612
11730542
75209239
198895341
78638851
14692805
158865339
12922082
301033304
274969302
21690101
15903746
7845362
21969650
48121429
5867532
2735591
1263058002
9270952
13652832
15470744
11846242
12514
1076261
16562213
15129265
13010422
755292
30628216
14159158
24328692
1586551520
15293504
19436496
1537613095
15440049
117241251
16018805
834102498
15041241
237385859
19128073
2355461263
259387161
14767730
1543551
9728112
17001663
185764972
16892481
242979380
175170254
45101477
48903
16001350
6444472
35611404
51518017
21063257
12093282
30098016
19278408
17108137
5943622
15765582
43847029
147720445
14130366
2913411
171567873
4215921
20571756
14145296
16297233
6489102
10950722
189156652
602276016
14119114
22152046
26165741
1042361
33230622
1241851532
17076885
7905802
283108742
15158441
18277063
14307043
23074316
145773567
110302086
1532061
22161956
168282552
14128992
15823784
140010098
1072794810
57264189
945955056
285351920
6730222
14193192
3471
14588662
2233154425
1881168794
4651761
44378228
15126100
21066583
12925
24971148
9155732
1972
118975084
1394399438
17468481
14059249
2165560814
28961865
346072615
115304519
9624792
14192329
16793477
445942000
15758083
42268148
143061425
9946842
18496432
17027184
12962882
56016982
146297807
128620022
5518842
14485933
22111223
1071350252
1769191
10194392
9313022
60991516
8072642
14220991
132961448
7433772
14236481
138870097
6797902
20964914
166692856
16657274
14347450
9019482
247389608
632343
5618
5663062
191098143
14820604
16148737
42072664
454036436
9005362
785
14211617
6344912
13046
1636590253
13348
225034337
20151189
16875185
1242286285
47707532
30893470
1497
4015171
110821538
294246919
24617301
24021896
15458277
7015112
4557111
44123487
14780379
467022771
175091719
17477864
40273
16313992
1666038950
253578873
15075826
822966
399412477
23409407
1132010306
27924593
1689789392
23611302
501393140
17966138
28234207
248524701
382225640
16337846
128356652
24223641
44292148
33235771
8708232
29944407
118199605
234489024
452632192
17860936
41479730
14802104
16356796
7786202
16017475
12350
204489416
1371791
14248451
836360738
31080039
21126842
29387184
92525197
47361606
30109507
726202963
22587536
52796949
14497568
21576543
11417802
17977475
23129237
28506038
2363571
261342880
9672342
19744978
12528
15808253
11113
22160397
14439168
11107172
817386
24486917
685513
15237605
1481178403
794340
35701040
54102084
600296569
348849391
81961201
792724
139188992
4939401
14100237
7592642
18080822
16031975
115396965
19035047
14
16145710
22271574
87735000
14480299
166617624
118532645
52065949
7884282
14940354
23553
12047992
255651729
14191945
44423
366309158
1628691
18518601
15823646
98976495
271970590
19678305
27549939
15197321
92379786
14498082
15980503
16007812
76229389
11062352
116529568
16985214
946163124
16399949
32688176
6186392
16916799
13258512
227519814
30569817
19418583
6476742
18380089
37063979
15446126
22115818
24941044
20263560
14112296
15956067
14404508
61292961
292
1534167900
29126624
13604142
409
229955820
14366969
17304329
19045458
1839381
811350
43522180
783214
27319667
100500394
17508918
25709609
205486437
12101862
19853
14814905
26853
812804
1159251
46063
38422658
388951125
1026583626
216798259
4458791
242359437
1388838691
33696409
230542564
13920962
6161062
14618343
36153601
794329
15698507
1233663476
80523
76133
159124891
68837369
17755042
6827332
252531143
152862026
30331417
294302833
1073034271
6584432
523467498
6816282
5568882
20776322
60133202
99953941
524166068
54185484
151911629
59484912
14992263
56212663
818354066
14356041
76823
22273667
130327554
1724401
20655586
39621239
11425292
165871889
19826509
16874430
814307
35847665
20102835
804376
20832113
15416485
460107839
52747097
15255602
523874663
16364898
22711764
29395401
15393128
819606
14445650
5479802
55388806
163776081
381289719
3355001
221721206
10202
38021678
24421464
41675415
5949972
714688470
22315431
14097951
13418072
1424581
397673792
12439842
14868280
767396
21588226
1835951
33383
18735441
19403796
481943972
16347964
225847395
212706291
255617445
22781840
17590815
115882166
14958257
841791
18028509
14323985
2195241
763893
10069172
14515799
13293162
12193342
17006157
154016912
17697991
17837248
25712026
8291
14435129
743452002
178997867
19907538
2182141
29627946
9898542
14473989
16444606
730373
1140451
764932045
15662622
29532294
21107053
9717472
14397792
17179368
2946711
627416185
13420
788051
5940142
5939732
13407
17904829
27046692
674723
41485392
28822804
121539516
29057317
3004231
6204
3839
1874221
18986524
237283855
20219117
34663
41067872
275487421
39191312
11969
260356078
13299972
400532473
348644988
6981492
211583400
38610390
61977890
19506790
9239622
22213177
11006362
19040598
28582680
372548499
17374092
770729
771619
7161172
14622436
9943312
823098
83665853
17310646
15370304
8285392
166369152
56123
5935792
1153
6120762
7575072
14261044
71261579
595822244
71256932
341251022
18994661
19019013
10803212
18794329
7101692
24889586
15216569
23466918
21268897
18958993
14723693
220137029
19077924
339750414
18895794
11222
5968272
13634322
74523
10221
7386292
3661961
2349251
11441582
31340821
2781
20639592
18350619
2150981
18031093
767043
749963
380
6475722
230830440
50193
14209307
785691
4300171
34505633
95975081
17062849
5697932
1003001
33478231
14546264
15715971
296453816
17131936
770550
40309057
13404292
138772457
19699682
18337283
330521253
18749271
3288371
16259374
1641971
8016272
19463443
1378711
1228181
30924423
15526110
19822465
14253109
12050202
14836627
16741180
99471291
519476038
474331447
18204430
13895242
47453319
6167252
937961
5402612
848901
358566293
615723
20454964
10324882
15935843
158564595
34552016
3364401
44282335
15414807
668473
62653
14271976
1260941
29645492
789824
15593520
82820198
8064682
286296233
10822612
7823462
14327478
47539748
15300300
2468
90323375
5691942
14240056
8962882
6193182
62316970
15199539
16242112
12131132
8475532
14878237
14281627
15181188
3439831
15256118
820585
1129701
15651902
29500600
14860302
5882802
36093693
322289998
5502502
97933
21056348
79844713
1374361
74832539
455869389
43864286
15932477
14579911
33382564
14411282
364488011
17744075
32423136
144927688
951541
5727392
7985892
44196397
17657037
16039806
27093184
816830
34398421
13116
426731620
15391719
84616351
33265709
82793386
7224702
757237
351787047
2787551
40291840
14724139
17813389
64503415
20086998
17596608
14378113
663353
6151352
5988062
409274130
42826771
74451442
21465486
135784613
13521702
7518622
822571
14223150
13598422
28049003
644863
19996731
9282172
286175518
14651539
7535572
1966
150723226
9198832
6370862
18367054
1190051
755452
456
42885252
16941174
19566514
14313712
118882141
5215
17394761
9428232
18348795
202342468
6036422
26819104
14149971
236782436
72418997
8821412
19240123
123311912
176233506
6628662
14097434
2544901
754978
33098821
17922094
4767131
18731548
82494739
14557257
18927821
46565466
5965432
8114422
18771458
20568189
2959611
448
13370272
22937232
12354252
22587869
20637884
20890435
10760422
88711812
111060272
14831911
72403
11263102
16061930
25206461
14188895
60942888
58560480
49753604
74130577
5691122
14839109
60308942
30224589
42480399
20786796
125027878
1973
29390938
17286279
12625872
2230871
14380788
14591604
23775896
3469
3526
109398208
1071231
15320887
10249752
125547081
704343
21231810
23262217
6876902
20355109
13475802
15934340
2459371
18453278
1237411
3226561
5965332
56770312
326205563
149881227
15686959
13666
16
20455625
14471545
21844920
43894478
15237525
24685056
16005828
15341579
15351100
14887150
14304083
110520327
21807536
113252339
16407251
21360924
10477272
804863
12902
250103509
5558552
35978414
6092232
16180702
8362412
40959553
25033119
808627
281800967
617373
10271412
16099291
10795912
5391342
7095472
7234632
19908394
19905542
202448064
20841923
7771632
16461246
17112843
16084841
14055092
20241519
1605
18344263
10268122
5885772
14626224
17137916
15455902
9324442
73053344
17811812
1026321
6978642
10984852
42957447
14318203
21827360
70478255
135254024
26369932
16123519
11076652
816642
115734106
15433331
14642896
624683
14274132
29149796
39895056
6210962
18194825
17209202
788673
8528402
20348377
860281
2622731
6331462
16841687
15809746
15093212
120858491
15469101
4893411
5732432
58567664
11818292
2156951
14413529
6535212
937421
28175506
23145316
27814665
7095
10725
22699508
14225267
17194761
14834340
24773177
15818962
949521
4934171
14327849
7456262
10022312
18713
14474225
13946232
15642485
14202711
14138167
8847052
14364049
898371
18327902
15044479
18206161
8834882
3452911
14527804
32958370
15435089
17937393
5381582
15108910
9896832
914061
14958607
37077845
94143715
621713
22949684
15538313
197505545
16690663
757683
28906567
14638754
14104938
14226090
821962
84623395
16246929
179170383
177561088
56616220
28181012
291
179339999
51405956
11094232
61233
7982802
10233
17337554
765548
5408622
2857721
807095
422
14367669
14097091
8491
53
22747624
3980
16513061
50510925
14120151
14922908
1374411
5251831
814253
15921173
6145622
1979921
1586501
8095292
3829561
14216123
13349
676063
43553
7694352
15754344
14143450
13642652
4087691
156407255
16494284
4840981
6503412
14413715
607
14744566
10057582
24041126
3465581
14311939
68867011
1717291
32322589
12468982
622663
6493362
2316691
1300301
6645712
11011792
744463
1039361
22444948
16213093
7746072
11803702
7861842
126027490
46190823
14456209
2672
16002665
11094282
3677041
14338900
18295455
1293
224
57203
5471
8040772
91252195
7112242
9729502
11740902
31543366
14840041
38406979
14054448
7745472
93957809
15827269
14196449
12460982
10178
7618952
20088765
691593
795649
3682111
14761795
84351228
22255654
17201709
66369206
3714971
12217
13198
16311483
19029915
5699
5446532
1428461
25047662
1137701
1899161
22330739
11164402
16597921
14076943
20884310
14553715
42226885
818155
928961
14338417
804654
1957581
7380362
7985672
26894723
16019122
3840
9641832
806975
822722
11206802
16457010
756129
6566712
15705567
15662355
17094350
1048651
49353
1384891
10855632
61594669
2397
1260231
11435642
14130784
15228003
7693
16017430
12322
10454572
19313995
17854419
20263710
1471751
633
14220444
15335132
36082429
17503180
12332112
763699
13404152
15357343
14135545
14951010
12555
17165158
11041
14837625
59213
48431093
17647075
13029
824211
40471451
14426771
10078
1098891
13911852
632173
20936763
2565
14620209
16536624
17595439
18393690
11347122
5409012
37570179
14320024
1270191
10728152
19575406
14836318
17297668
9534522
14749070
6611482
1541
1242511
14596798
755756
862481
824157
414
2480
635543
930061
1470301
2893971
14339383
1422311
1387421
963121
691353
8479062
4503491
858051
12798452
5722742
1536811
49793
4488
5252591
18910579
745273
174853
1380711
828991
893211
2112
856741
3950621
3754891
1132291
5763262
2426
2391
20339060
5702
15595832
7517052
723373
418
20334983
6664
7238252
20611931
23
4358
791124
16124187
20749410
1000591
13292532
815774
781293
6117302
1585
14600116
16228398
2730791
2494
17987125
14422705
992151
33423
735983
14051115
657863
11018972
19919350
10045192
14118292
5768872
14303497
6141832
3080761
610873
19048610
819999
16291171
3094401
14733
5477342
14078468
816214
16303748
17469567
6629912
18896081
6941
1987491
10737
15675955
15555237
10638
1102
10016442
48443
14755668
3713811
14368074
82243
652193
6267962
5746452
14099017
6324592
1676
4774421
16578657
5668942
15076390
1220181
5793822
799722
6287522
754747
13949232
12454882
10439732
9142912
9111432
9067522
8160092
7925822
7640782
7601332
6897222
5774362
4924331
4084791
1724371
1563641
1272021
770781
662323
637873
631453
169893
113963
54483
11422
9566
3475
2024
1970
13690692
862681
799499
703953
264213
56333
46023
8584
5103
11963132
11362622
13274482
5759352
957271
833071
816637
788994
332083
29733
13341
12449
7215812
5561622
3829151
3436771
2023661
965651
76883
11746712
7134202
5379272
711303
36823
6191642
3339171
918711
13479
13041
10822
9265
3382
818489
817288
11628
586
12
807027
5381732
5047921
784555
6545932
6194262
4192041
738933
811027
6532
740983
1952
20
856831
820828
817970
257
56653
818071
887051
791675
818340
724473
47083
11770
10350
6721
4045
3615
3205
1186
2172
1495
1378
997
295
13
1081
1075
885
988
