2476929487
54936590
391210974
14162012
606950782
2097571
2467791
724818308
807095
197508779
106662970
1616039276
177673457
5695632
159714480
741520723
2574232910
75193964
2253665018
877933424
119655799
1376706541
618294231
79671917
77206619
101494182
116372682
24059402
254541750
317176953
1180392589
58715400
52628364
176497091
58762280
170396389
207906489
15333047
68164273
74084039
140537933
18131765
50984470
265178794
216958914
110025421
2408615534
2574072036
1513294208
2572785439
12980242
253058011
761416190
2602959463
19985444
51978223
1897514666
167989418
270426592
2597413135
61767355
15400294
471287735
1274038568
813286
30313925
32359921
14159148
9624742
1330457336
59103510
15007149
29083969
14201680
25974152
932303468
2541363451
730502304
2541634854
707048490
2561115008
38624666
19176739
23283500
2197589391
102058620
2365467499
2383466154
367885911
303059786
2530290498
45533881
2189716682
25441644
68705908
243023355
33868638
2503480063
97217966
2534310320
1492400330
81339834
10268122
2475872178
21995200
195575801
115361965
75024702
258703448
14773089
34141121
302495120
22518134
172765831
523144954
553767994
405667557
39488770
2359926157
45265976
730698806
81236782
441817658
38161191
105130840
45103737
1669854782
83462360
1012715006
2381667174
56350183
2218274526
37641696
20123027
207457144
157618833
43384673
62507687
17940246
143426568
126592284
131882980
69935084
1864265072
2463006282
85636461
305603067
416542960
378056166
231422245
80185804
228713457
199597160
222123736
26997136
17537467
152797988
2476895522
260688830
1041453240
23930272
35459949
18358458
44356836
37869117
399923070
16983244
95410045
628851801
16635362
481156800
450504440
440662588
251060309
303535030
453507741
222516693
76990207
212162328
586857455
277382418
28985686
505196587
338906109
98342860
291960419
577459091
256556724
304596131
1213502011
425973946
1572472460
218444761
120788460
48656673
42582125
24889586
274606076
2500955780
37629039
612560165
84021687
14916964
2400320881
1715817108
17152685
17734669
1176135546
50968882
492305681
2342438340
292765961
128859412
50254941
2468788856
98815583
139480715
274364089
137780376
55814899
41763568
37942193
291557277
2315464056
25628754
2434337167
51968133
579049958
16906470
61405170
248108291
64433320
335099279
73863773
2433109729
2296634287
374426657
60015540
961830409
1671848557
2425301702
263090427
568429323
846897578
470178046
72034591
55176833
28800934
2395668313
107855819
79672316
46373774
391851344
119456978
250947897
21064217
102646919
397856444
586671909
2378710598
195629310
43115867
71503629
1394485897
625739552
1652541
1088334553
2182353464
622658764
117013227
2369913996
29958928
177829660
38647512
29398579
148241803
481145204
46791411
361301678
92906057
167452533
160588215
2163039523
15369355
2227695199
45615241
416397821
33613780
328941811
2341741537
2348042388
62101279
327341328
51375818
14756306
50228660
45358499
1714625209
21853673
375533951
96709645
55190116
220228167
583897542
146751977
8933572
38254250
414946220
298625735
194438600
22776526
54781907
70706313
20571756
245208137
354149319
114955836
2335973900
14073364
274121823
150151712
15865878
27606434
320959649
137352909
16967612
351568421
242253020
14672778
58228064
75237089
153629442
69250127
420115184
1203643860
2289628938
2222673457
448634500
307899732
2311557998
18016782
104468316
65875467
42606652
39024923
1150201302
588587397
786958314
14889248
16680002
98362607
135782269
66932802
1630397047
348988523
242873592
43922300
310239584
69544220
711694309
76558553
83663427
1411434049
1270746139
1447949844
1951219477
925094390
100695398
1073181793
194017030
208417986
1244137812
1606048885
23484629
470299753
171467534
1451017340
1500426494
945524874
246649364
47595335
48318008
11589192
86535708
14201574
1170885648
177865192
251008339
1571270053
1669849555
136650443
1243126304
16995002
1339835893
1389154987
1389159548
610795031
43434364
485960244
735122173
124953456
28888486
359825204
2183816041
1910442534
115357621
2190026348
54829997
40003120
102085594
38856791
1182381266
44425241
71815077
48940193
407937081
1922754072
49744183
204416569
15355175
245218929
17553946
1099124418
449588356
1890240859
1974470773
381674024
60247413
121046433
55251954
166665752
1269695654
75989138
773726504
1516758181
141496671
459849561
292114382
67545361
582653236
252018855
1380986642
1642669674
66111769
14567832
27602873
152719505
101830996
246416643
213739836
131188226
77732185
106368132
849477276
216734263
5871672
290180065
1867843520
85221650
44857140
103849564
1317076194
53880693
19593016
80664593
1317725486
453920815
16025288
389914405
77509999
1726657506
47856457
143114327
74105075
295251095
101215084
631289812
1856414335
21841184
1715638082
927137894
379544677
117473093
923971573
175163085
23058879
59112159
764334150
1652526218
53089452
47685065
145603832
1552045182
1652711108
1657730988
15016162
131909897
346316391
373280952
165506153
1141637624
1153045459
93245274
70044497
280098725
1165206254
1418662837
763853540
96087281
929224970
19760270
521508380
268676434
281421492
64744912
177643755
350128848
42783427
70633285
65113959
15405421
1072993274
293063175
1478946613
1346439824
347035710
44593541
415860281
1316811403
446659342
46630334
75246331
1401726968
43320623
26870505
82044278
50201737
1441339070
62710586
1263706735
415436105
57261575
551757469
87233065
15720175
23766957
432313632
28308775
1274690550
1288175774
1320600308
106308661
210777132
989138972
393816042
1324334436
27395897
1196254680
1111282716
468625663
1251083774
635895185
1154869812
526382615
52368740
103770785
17790274
17482727
1227253801
927652440
94775494
161634802
476642459
148275530
20963854
99276987
295650204
1019469630
73043514
1052284897
572629667
198549232
91324935
444568008
936695288
920488039
272456715
161318053
57951981
130368147
135024897
81386285
36052760
255117773
74081926
1119384594
1062448933
122658025
624896628
617812352
1121656052
14369310
882376933
121026704
288809835
47049617
121044171
360705100
1073676020
358127438
926874356
19894933
107646921
54274966
191511134
49578370
75357513
25482776
712030506
241178934
376180040
254401770
44551682
117357898
46051562
839214360
90034304
80814803
42917001
96101258
144400550
361222648
614134623
43844940
17249208
79169144
75783629
301279499
444633346
41113149
264224758
43855487
47055387
46611706
296107913
317745318
126966274
17673635
53217947
49511619
20664363
5988062
69541557
149516743
575188047
21069075
180748385
181135181
78259714
111316603
124056683
24110876
635299387
375474419
751400048
134546153
4047721
53097744
57948579
304559444
577953106
113888852
130743819
18373968
84276772
115378178
49900276
62356591
57207846
626218913
97442036
275466164
1484611
222424603
260251320
14760750
382573462
44317593
17513245
56029268
167851018
258283931
183213825
110596374
566907119
373410448
10228272
719647730
335891957
267158021
52422878
23047010
234306659
156242287
82130535
707613799
29971409
450577886
711729109
23923717
134047949
289274330
39743812
134758540
195703895
69181624
3108351
37432982
231033118
588261604
40187858
133690223
514488542
240649814
52340477
529298636
290452792
86315135
83658475
33866039
180246090
372677761
31611246
17991281
416857073
47092009
111416258
123153549
381949397
43040601
44396229
401471773
129808784
524262813
165085226
451869617
120965579
20843627
505694805
28350927
72539202
58243368
100174414
416882361
127790650
17342842
458451038
244957467
471741741
383315713
213539531
23977050
95891462
66159588
441636351
117326272
451586190
51098359
210792232
71201743
145607857
86478153
100363256
243852862
231377539
298071370
34208984
277434037
18071358
92773212
374526155
50679734
14087270
110929302
37034483
405427035
105152403
63073975
43128194
116746970
137616033
193705104
24509594
87942403
83212615
111377475
215224249
57561035
44565895
29173795
18159548
16427565
46073276
18136711
50306637
123231276
15355790
331136088
363797725
36327407
20427494
203872812
371730289
15466615
373416209
243595476
94022742
160925953
34892931
45785002
92945681
93622144
99448420
165391600
97893963
70663487
16299754
155904242
230856076
95386370
143776014
301440887
97913631
357149990
62762183
14405191
121407739
40276045
131763362
66656585
39240673
28075483
11656112
37589601
56039856
59157393
59145948
24143188
54311364
108252113
45184617
44335529
71491139
18170896
235919295
262284764
20749410
77744804
15300300
115485051
113420831
18185582
116366915
22558481
63661256
19522258
60661582
23719690
117012523
6809452
314479335
31135086
17710740
340840894
48988376
358136545
84001426
151432737
22763833
114680362
284920800
31894188
34131007
355989081
44303210
352570175
74977930
324897050
11530262
28213516
19178965
47793869
33992890
287156977
50351724
14834340
16542390
83773894
49909770
60843563
41466630
17211291
36047098
38718720
153703098
6183492
14570738
8839152
304024442
56318573
94761188
108352527
97618213
164213375
339766012
125966728
9397732
86683904
18044851
339172099
50279201
200405440
79733296
132160442
158717906
39778096
105998402
24107523
45828349
79945385
256495314
339040963
35202527
158414847
18083797
22384198
237632983
72745782
185142711
23055689
25491788
84542880
139385992
4126501
74457733
7000272
87986621
76858507
21982720
16081782
6509832
172057857
67802523
332188446
312790865
14940354
128216887
94628304
19534873
17797666
91581445
169058509
15224867
45790625
17006157
71294756
14515799
20771519
56644783
31399326
33338729
185306056
8834252
45547903
31409036
19192999
99735551
8805142
130104041
17754768
74964902
129057534
22817189
64049044
43579706
147493686
20783100
113415132
123255714
42043572
56685329
83530820
32843303
20751449
30417501
59790101
16594871
30407493
251050979
94195070
110384744
783214
65659343
84554399
33464913
61973859
22685200
50973651
41048052
68399705
66306024
92708272
123774113
78941611
21014078
66334209
122928781
155151279
18639738
50944856
53790896
111615736
27602673
28563472
124258971
92211391
56913467
94163409
5402612
58173133
16237067
83529586
140047339
131873356
237742285
68069915
41898533
74265849
22205952
759251
14293310
6017542
428333
104141949
122453931
136932734
19441756
230360544
38778248
102296197
66695578
72827017
14328066
76134964
63749116
189917061
11695892
131442917
19929890
47543773
80330381
245687754
56931669
104768123
23061619
47571031
17717614
154875149
118757160
42350663
139189823
34046228
138787319
16681542
56312411
56969826
68977380
23188724
41821428
50943008
13508182
19897138
85293311
21551205
243584516
177886974
46618984
51104731
53640157
742143
41814169
250495841
259111114
119360445
102987028
115290697
18424289
4970411
138822469
176295495
25966181
44704537
46704429
224180296
7366752
113425681
31632905
132817648
63992320
54463072
16425793
14072047
41094453
81299137
28082599
56304605
149198901
75854417
99642673
101695592
122995784
52339151
43568964
87484569
3416421
8161232
36412963
163752397
49255828
60937837
56631494
53256946
64526820
24338525
37168231
132385468
20609518
17078632
84352985
59983585
102594253
116677732
42414011
95425326
113278275
105783183
40400019
115341081
67712707
75896448
50393960
17220934
19394188
34197952
128155589
27859875
44588485
70179948
24705126
18839785
146832501
17802221
19329136
18681139
19895282
57928790
53556894
31348594
97865628
57998991
113419517
86254626
51376979
15093629
76294950
103603559
107318424
87170183
145125358
88856792
44409004
101311381
87118217
87174678
73635568
59808841
109275593
92724677
131805814
171117515
135421739
