14048734
56722218
1321902782
38647512
117318639
1579422614
107225267
45547903
48315849
7788062
61474495
19693432
1100927498
1652541
1657730988
268676434
14274685
2387187138
56304605
1571956418
1615097808
22006155
380648579
1966507722
44570360
177547780
80664593
207809313
471741741
55808522
139295703
42228666
16176754
15300300
15405421
2409230946
128960879
27029537
307807275
6281882
14416890
75246331
15169176
204832963
42365215
58569513
108391251
15333047
7144422
1344897174
246194416
86877019
31035336
7109592
103849564
1974470773
20065936
16083797
158865339
17865713
75509967
1181185220
43434364
1389693252
14756306
42394827
38479920
449588356
16942956
1900720267
1309062163
51241574
19722699
47856457
34197952
290180065
60783724
258283931
415436105
477058668
116746970
18872373
1242286285
36076870
18837791
407091772
405210383
16630098
1442392040
35721263
130273820
731784150
572225652
1201661238
19725644
34554134
4620451
22513829
13214482
100174414
72539202
55814899
21643419
17471979
8963722
19658826
14647570
8295072
46319532
29472803
75559099
17668544
303059786
16438248
15431856
134369482
1249676186
7684182
232550149
47359057
292765961
1165779128
415860281
358127438
1061359813
19194900
8167022
1000262514
451215777
345467913
561335546
189917061
17337231
17701394
40673794
807095
17839493
3668951
89142964
15865878
116524405
4126501
355989081
83031278
14645914
47543773
14417794
15143478
6017542
245687754
15473958
17991281
47685065
17293897
31632905
101170402
27208120
8805142
293063175
99211591
105130840
102987028
22771488
19826509
56969826
15146221
9207632
86734482
23058879
31709458
7948812
256495314
441636351
14175873
120965579
38650152
54612030
23930272
24338525
14582087
11589192
19760270
17587172
77888423
18447238
49792706
52339151
18210579
17659982
24333520
46073276
15087011
250495841
138822469
40170583
724473
428333
151432737
35222128
49909770
15164565
223036166
42573217
18159548
31387987
21114659
16376280
45161002
36645296
164213375
37629039
26792275
12984
6463042
21014078
34351681
8933572
1344951
21742517
35202527
53256946
16581327
17482727
23095992
18032348
23719690
17381587
4047721
78941611
18205527
30313925
11348282
17145512
14834340
50944856
7753772
48706493
11006362
23573950
67851778
34131007
25441644
55494429
43569956
972651
16156062
14369310
14444461
15808647
9534522
5988062
4503491
6809452
14328066
17455557
16448593
16710907
17711847
17617687
6431582
15406438
14225651
7366752
7635272
