29958928
1255161552
240649814
1243126304
1864265072
33992890
928219752
1263706735
131442917
2400320881
999470034
807095
597971157
22642788
297100174
605343895
928576272
246194416
134758540
1115348904
2574072036
338335964
972651
230025585
2260771309
326862166
536540206
46242241
1856588299
9245812
51241574
3108351
67337774
1871304199
18986499
1552045182
761416190
2097571
2476895522
14916964
742143
26792275
355352487
129057534
231033118
473699319
248587067
64744912
2312262702
373280952
287156977
707048490
1346439824
551528689
468625663
427634402
60649871
63706933
135024897
1616039276
1330457336
347035710
295251095
1093090866
46791411
167989418
304971850
1191912552
116372682
33235771
143765429
119380023
130104041
122959195
2183816041
711694309
1432761222
1910442534
70111218
1317076194
1342273550
57953364
1867843520
260694114
260697790
213739836
216299334
14099695
76858507
1401726968
1856414335
579049958
256495314
15143478
37629039
20751449
51104731
204832963
1153107433
35745089
41113149
1657730988
1019469630
220009727
1542902203
268676434
1274038568
860864791
65599679
275466164
1274690550
104141949
108352527
350128848
48318008
42606652
24886025
335972576
33464913
373410448
936695288
167452533
23283500
49511619
16300314
567155859
1111282716
458460064
46704429
1258700684
70179948
293063175
97865628
355989081
255117773
926874356
404158121
266192063
415860281
260251320
561335546
15588657
16681542
27395897
46611706
51500793
331136088
25333609
86877019
242253020
20989830
155904242
116677732
13397202
522973696
290452792
38718720
86478153
38475798
704534712
115612039
83773894
751400048
635299387
75237089
303797922
23418415
336611577
617814349
617812352
57602878
529504131
17797666
45103737
92211391
281828483
107473819
148241803
78259714
529298636
50201737
41814169
480127470
155151279
17537467
19897138
123231276
17293897
289420613
59145948
428333
223493784
135109677
143776014
149245718
173195708
40187858
147493686
70217580
332188446
123980626
52339151
42043572
83658475
284920800
79169144
141496671
98015030
17573212
17289530
373832615
16093478
141487925
50554477
116366915
52340477
68069915
100363256
505694805
17236539
237742285
25628754
293791043
18583722
342574531
54730258
101494182
13058232
12925072
409486555
471741741
451869617
20664363
91581445
621533
416857073
441636351
44593541
50393960
7228682
233364902
373416209
111316603
119048275
417632438
77417639
380192326
14834340
405427035
363797725
17152685
131763362
50943008
50973651
59983585
371730289
304596131
326369670
372929255
125978820
58243368
384240595
44588485
372777571
239260132
282926792
94022742
39952157
44303210
31135086
28082599
15300300
18669007
125325790
56969826
20802277
19178965
81299137
11530262
245687754
171467534
77744804
69541557
97618213
259111114
76134964
20749410
124093583
21556071
138822469
262284764
13508182
39419609
257970633
53640157
223036166
119360445
250495841
21114659
237632983
14511951
4970411
235919295
84001426
140047339
22763833
49279876
43860827
38630618
37408240
220228167
219617448
109241992
15093629
46839580
189917061
164213375
68977380
19192999
50374439
1652541
93957809
18170896
115878136
69181624
122928781
146832501
88856792
5988062
41898533
75854417
71491139
122995784
145125358
122453931
17078632
104969057
131873356
20609518
120965579
60937837
123255714
78941611
14087171
75246331
66695578
83529586
40400019
37168231
87484569
19904685
11695892
43568964
73338664
26566469
33514869
14099719
11178902
61419570
18839785
5402612
813286
44335529
21014078
16237067
24705126
6509832
22817189
44552852
45162177
47543773
56304605
36740477
46094180
46129578
8834252
