89264686
2742495484
2724224130
2720726408
1346439824
2597666894
1243126304
63992320
1856414335
751400048
2277402223
17060020
2699655505
75498371
2408615534
1447949844
350128848
295251095
77732185
381949397
215173555
2189716682
2574072036
2655767737
2407125014
59103510
2541634854
2447774982
91223700
1436275225
2381667174
76834497
17675013
1025796991
161510692
2228021594
2540092495
2500955780
149790863
558461947
2534588565
48724735
16695229
707048490
84056572
957996558
203506585
1121656052
2273135850
120666070
17249208
735122173
20765685
26722868
96136510
1867843520
55624368
64843762
2222673457
44303210
74977930
96087281
70111218
89515018
251564985
628526532
1657730988
22943839
1295175780
28142579
1967551208
388140487
29186269
66481550
115060948
101428855
457298429
86737096
577953106
632801245
118992866
137283612
100921527
1244185244
236295607
451942535
1924175581
1381415232
88143080
321866313
346005284
1853932387
1072993274
1269695654
631289812
1606048885
207906489
347035710
52357696
1317076194
74516381
175967211
63514892
60280671
17678265
171933250
1274690550
101246233
1229617596
148810600
122591976
475732277
102138604
121131508
1251083774
140719649
47595335
242253020
336468200
373832615
561335546
529504131
15473958
401613868
14916964
256781040
46791411
250495841
2557521
111316603
33464913
37629039
153703098
60854867
378460963
29439672
167751947
70217580
256495314
398271367
253454293
46611706
158089836
35775031
524262813
81678457
77477016
75207546
373410448
122658025
53880693
244957467
56680629
62739627
14223643
388272261
480782173
57948579
40200685
116667760
98362607
123980626
25628754
372777571
73338664
280098725
168606635
59983585
52340477
135109677
505694805
101494182
409486555
59051881
213539531
15143478
373416209
451869617
471741741
100174414
451586190
243852862
441636351
61458407
100363256
417632438
233364902
111416258
51500793
65222499
58396469
277434037
20427494
46403451
380192326
298071370
17797666
86478153
105468767
405427035
61126132
59157393
83212615
371730289
50627926
57671815
368879595
58243368
331136088
145607857
358019924
51304523
101417074
344634424
39952157
147493686
340840894
131763362
357149990
13058232
12925072
208073965
114111093
117369152
303059786
97913631
79169144
90184329
259925559
332188446
172057857
301440887
11530262
129057534
74457733
113352671
71201743
146832501
282520959
143776014
148241803
215138502
28213516
95386370
25482776
20749410
17715247
230856076
76134964
155904242
210792232
130104041
97618213
104768123
259111114
140047339
78259714
40194420
71294756
16299754
48988376
44667113
102665744
80251585
67851778
138822469
53640157
45022448
19192999
45025729
32453930
45103737
31894188
51104731
70663487
41814169
68977380
28082599
97893963
21996247
68950331
19441756
69541557
19904685
165391600
44335529
29391063
220228167
49923337
187890010
40187858
108538423
16542230
94540116
79945385
41094453
42043572
131805814
64160613
84542880
131442917
99735551
121044171
10810102
15224867
50684862
50374439
92424604
50973651
84554399
86315135
99918503
115878136
139385992
92708272
42350663
66695578
122453931
99448420
69181624
56969826
16237067
42414011
18639738
22518134
189917061
108936259
123774113
93622144
4608961
133880286
84352985
131873356
58173133
118757160
97169575
57998991
155151279
176295495
169058509
122928781
20609518
50393960
87118217
21014078
101695592
113278275
87170183
44588485
76294950
122995784
104740065
60937837
22685200
116677732
113419517
124258971
19397785
19058681
51376979
88856792
97865628
92211391
53256946
132385468
83773894
19895282
56913467
19329136
107318424
6509832
92945681
92724677
59808841
145125358
120965579
55744280
135421739
115341081
45785002
56685329
128155589
87484569
87174678
13508182
14087171
78941611
70179948
27602673
53355887
81299137
86254626
77739297
101311381
42102665
34197952
67235264
11695892
23061619
34892931
18681139
50201737
37168231
53556894
75854417
57928790
18839785
40400019
46704429
54840079
813286
18669007
21551205
16681542
52339151
27602873
30205931
56312411
43568964
22817189
47543773
24705126
25966181
1652541
25878195
41898533
44552852
47765538
