2540957634
1650136422
363611776
2261424404
45265976
915674340
1726013258
1713185768
1291755823
1346164693
2615217878
392587811
866033108
542089825
2693373270
2532364016
2597783508
2508163830
2693379055
154972888
2641821259
317163879
2682274250
2692082575
237682710
84818046
1672931462
2666071237
2690384726
1618295106
2571194058
937769053
311986813
1593607111
2583833118
141562074
39235477
1354482128
75991613
2693897480
47899356
2661642732
2642552323
363633151
51978223
522067766
2572280875
2697516684
2687174185
277579105
113573436
1306953678
2690328918
252701269
533858357
2686576087
83186036
2681904283
2638008049
2698573819
99936654
2563510152
75461417
2683833506
2397694008
2661407510
2204560794
465035798
147466817
2594611099
2475837054
2661647232
2282035616
2656977475
2650874221
211070676
2682690642
334025516
98793847
229781073
112613863
2269199492
2700979062
2475922691
2564713260
2652182058
75988563
1374361477
2702911970
48678128
2703297817
2703278888
2537676920
629998616
2496154044
116038981
2535374846
2732222686
2703452600
2686771758
348901729
170691394
515839443
552552233
2674702800
1975809829
315000945
370806299
170022202
86302820
2703780877
2703785725
319584165
1590503052
523121665
2287906188
2647273928
2609684304
432636101
2462823146
2607246097
370158112
180384098
527631347
2687785382
2686914217
2696993088
1112344789
512790586
2722322259
263031095
2693190200
57601159
2682973237
1719905335
2354893856
2574644473
463756331
292930678
2700621474
2570289150
2400162678
53624903
126591389
1374334928
2285457982
96590577
410502552
1369085120
1365030110
2394745692
308482070
2708259199
2708336983
58771073
2394858182
82017016
2265716623
439025462
117354441
2636457864
2442946398
2709120312
2709042764
1336459074
113387923
717787968
2607582109
1437927368
2708836927
2541168540
2709719004
130123563
604505311
243162911
2477223547
113849736
1907009640
2609056470
532096052
746757367
2262971665
358192606
2401144244
602090698
2712074946
2430914192
2516907602
2294253750
55472318
827556157
2572305847
2243447024
1542686503
2546682360
2705611004
1573881349
2562690211
98425933
181206476
67877662
576446553
79945385
997165772
2389461390
1882599397
2733452627
115285574
2290044912
177163627
2714173747
2597688782
57973234
2714415786
103965250
122368894
43113310
2714689800
42867573
2706454615
2714262834
841812452
2715225266
114274492
133402743
19234217
131156409
1874182256
2709660234
942994381
354838265
2184095780
269159534
2716381722
1386958692
2510499812
2716515870
148049846
88604127
393886034
154224481
50942195
2713949786
455793551
2566692025
410158554
2541539064
1185988729
2704443643
2455222830
2717345870
2558973823
2270201617
119688279
608267058
44881286
1692910801
2527734276
2472908822
1893579552
2706271652
374464262
2712516728
173381583
2497922221
2236850145
914367092
1360862120
1077296220
125693468
2718574393
528514106
483875687
2473731968
2335945427
2488525752
555250967
2682319094
144135141
1489185156
140517610
549727473
101747171
360467238
2705676812
2719528208
2713265466
2733355389
1406016259
837060726
2718897139
324413428
1852013292
140709995
154024292
272036270
400506883
253021333
415989278
480894837
1597497198
1735406018
172394297
306732505
2699957198
2694871604
2283891946
2531395140
108538423
2616710706
45546026
403215342
285465662
75580388
178287820
2156444485
752499708
2690782081
1397404376
45295765
2703806280
2687992207
290762832
2690325636
109620160
2650378891
2728104106
2420607607
239763037
87153329
100473878
2287823204
2689284235
399572911
2694269982
1931560316
2729546241
615950034
154483697
2517612235
2246723426
136889439
2490020444
2731589740
2183155969
1264164810
2517031356
2701084122
2690258096
295251095
1677359095
17987707
341342004
2477874266
2692380912
1959164383
478875185
1923320995
2658437791
2464780188
435939903
99102137
778142948
142023928
118132353
2395801958
2732206059
516432453
839302008
2472478988
602694379
2586524699
169919702
2492642870
2238725192
722764758
79928001
2539228381
458495966
2703824809
2296293109
2532341400
2537549078
238256660
1212472860
320905541
403314004
2277197275
2704135531
34245009
2497962752
147548165
108199846
861509954
2724367630
603294362
206649731
361914765
2168426982
2583423019
204294877
370212924
2546728610
241420165
1533114240
2357703643
2698376928
475732490
356678123
2386265317
180768771
346448103
865714566
81623583
734903784
1259835336
521343490
1526696870
347924892
2343566102
41590596
367609291
327228116
2700912420
2554607592
151569646
2174380836
714441019
2464393555
2700440725
2301500269
2511917184
230423465
1701843666
2563831542
1414560456
273544879
99196793
2700938545
1894070293
2261131154
2613469896
349246196
2725382421
421312463
489529678
2695669512
2731690599
2609771970
2689740788
365999217
2552719214
565227796
282542539
2693592758
2482400994
2693625991
2731809922
2473965788
2478793269
102046070
2302614769
2701438820
2443544311
2701513459
2372412990
218424520
2696492472
2698943755
338926598
2203575505
2237639610
2430988950
1173985279
800043067
2296701547
2607080339
843748292
88584713
2695813183
2513460626
2702027274
2678582485
113806069
2648882708
2702101032
2299989385
2155267902
730249603
420399855
219898059
2164596433
2679648186
97409357
946136460
2355066403
2699069210
2685096223
274503545
2703292728
2401532316
117171419
1710259712
2470364486
2311454407
271568834
2387351060
122658025
2241775068
1056197815
2727010180
2727858479
2683585860
124546469
2688340610
2426740836
467987616
1627170415
55806262
549511912
2173760124
114202400
2688726182
2681803837
2689012861
2603710728
2302918872
2726079292
2648151469
2310301231
2689072766
1262464981
2237830745
2172338590
2585534755
2689103234
2648823828
95696558
2351522496
149428941
2375611860
2727884596
469258930
2688751718
2556551426
135141703
2677435885
2357621987
2299566990
1420768951
2460537530
338202002
2684277482
2613795710
2655802832
2572894814
2659013256
2689348598
2689307574
2689368451
1529931666
1331065159
426410849
2265595615
2388509310
2588861112
2463244164
415734154
837882918
114825105
383319182
2689413469
2535657618
2558238232
2419763917
2727946811
2615856660
2689415420
484757676
2689442233
2609028306
2689443835
2512610245
2727964096
2547557123
472758163
2658456102
586407345
533123263
2689464463
2654302494
2689468915
2689480411
2493345619
2689463876
2689452721
926919980
2689133629
196064329
2689443096
2689459374
2360907098
192806262
2681819953
2473924662
2689467996
15916118
1706770806
2615282406
417198087
418082091
2609538133
2689514035
2686798335
413920507
166032508
2493888653
2562746173
1285200366
219401936
2180044387
2689520094
2689560955
2603809662
2574465839
2480121252
2689490592
2689531004
172394716
2367669949
242786626
777541249
1537752222
17734669
2511979410
1025735298
105380874
2504107926
572479258
2689609789
767290466
2684556816
2681944328
2484757122
1487273125
2727981797
2593027483
374462701
480209264
419646694
80822342
315005523
2689630555
2558463823
2689580066
2689583670
2663692148
2545491174
2432877426
1865934865
245340786
282941550
2556031849
1229277168
2292158666
2251903500
1562748846
56323694
1556692146
2685303708
2689664006
2659882441
2689540495
2499366104
2689655298
2689415952
352751442
2728041862
2689720807
2689713703
2460819290
2652398457
2689706126
2680197266
2591879376
2689654790
908163200
1017940362
2689750633
1156439971
174945477
2517114668
567220018
167084162
1627747098
83877661
2154224029
2689740278
2681998944
2589092905
1114952702
2689729788
94737233
1109682336
64339627
310203550
614178630
2427228936
1487905645
75509967
2689751503
333747042
201862183
96108228
1171348310
892614768
2524546062
2647521642
1871022392
2195576910
2308057860
1862783118
2607322538
338273825
2210476630
1534161104
452773784
434182355
303024881
2613513709
1136199541
988552448
2648896627
2611496767
2679476975
2650464050
2261110009
1024200846
2546582618
433970414
584708358
2532132494
160437954
280550691
954688172
115294008
1014928621
1366828746
332403767
2651364187
2302983679
2686679823
2586263372
195305588
555459600
2651527830
1883810984
116694828
729028213
2609765204
2651970409
2598508124
715125834
2459479992
1379947543
111218588
2652278528
1006437296
2408018054
2260465238
1330610197
2390907654
2184078205
2652865298
2271391490
129108098
1261655516
2563621549
68667045
1046912694
113663377
2221866066
2587231544
2302630147
775927070
2613146239
2653080602
2652963896
1376494159
327632730
2315989790
2418964940
311865894
111461623
2650281812
986126976
2512854745
312214503
778579664
2498345628
1642646407
2596719374
145920951
497211910
2650387454
564795350
2586060403
1726235702
2148878640
147227256
2346434622
138699727
292948891
2610006914
2552524476
2504185597
2565476101
1699565672
2183928878
2606765982
2653892298
557714234
1008345470
2575040964
1613218244
2605254037
37657171
2651314920
2498933299
2617174969
170228244
119757401
1091321556
2223014112
2574823665
2496001651
2372119861
873773858
491658341
2507841134
1540592460
864074406
133750292
1883730090
2197118748
1377337724
196057495
2302873124
490069899
1644695222
2210067817
218052810
383833721
43077874
779388024
2546820943
119622849
2653255669
2654455363
1341222206
440610548
1366247498
1670177401
442712793
2390865894
2599466186
2177899490
2656219380
2597698680
2285131891
459245625
350426671
2595943849
1156269420
2656435718
109840953
2389823918
2587022059
105627165
167357231
188069904
2656464852
2444707010
1571684508
2617484149
252062693
2453197448
2617311546
116366073
2318901096
2570725370
2383847413
2294469458
2656042620
2600056224
2500731865
1684981806
280158892
2585714492
2656951452
2656965265
2583530442
113817115
2247080792
1518692845
769255603
1867816502
2654161411
1266263468
1372777230
2657090971
2601494713
111502009
2207233716
1073478876
2657284153
1660378782
2656588189
2653964474
180363451
2657358805
1602575034
2646954415
824691572
2572335968
2308410018
1593981452
2342141808
344639624
78901667
2657547558
357669663
2470308480
2627671881
2535254215
376874819
101851654
569260467
2627571031
2397312391
2658566390
280480698
470172451
2575989258
292765439
2643497234
1659436532
159204469
2656775977
240634787
348406144
1866182706
2154479005
70294554
2315222653
2401682036
2713736885
2489699215
2603080266
2390664128
2658934146
108889775
1074501722
2657328499
2148457439
2659037676
2433790063
2650292347
2538790620
1320106975
2506729778
1460375371
102924969
98840592
2611019766
2396687887
2234342119
222153527
181258578
2659617882
1511196930
135041102
2645233585
2302710367
2659518102
2340515904
2589946634
2658600428
1627634264
80516774
328963324
1218688495
2193664523
1328564232
2660123245
344998694
115639547
2658782448
2659836186
1869549973
163077574
533030076
292742583
723347509
2346379950
67237094
2408564215
358075278
129358581
896870154
2613909103
2377157828
2409252235
2489666232
2614327789
2554552904
2614616982
146359507
1642571078
2599313304
1495654748
363107724
321490041
2605100784
2299689894
497141208
427252351
971640678
383777767
161415930
316930608
87873397
115677302
75262929
2179559204
166125434
583953669
2293334008
2449951722
556221882
2611305199
548665632
2612169943
307474312
224472160
2598423420
206230870
2697885034
450844927
2616575118
2360958114
300911755
337923578
209489920
2617085556
2616969602
967956776
1713295410
1896545976
497866364
70133918
55804557
118748926
2547408756
1453575097
636833903
1378753196
486838950
97168046
602388149
453813370
1690126932
1688139481
96793989
177187090
2607526669
2605368882
1947025495
368759853
2522022427
378488306
2601860114
2217372038
754788456
2530108873
1001499336
2514793982
173802789
2588907258
2227013076
175676191
466539381
2600996166
1445647286
2531907834
356206989
1145318490
7954422
15682567
310113161
139357146
2374183891
1466767472
273346362
1200084612
1032206024
2357716488
231348555
2596186837
2517538434
2598310783
2393888916
2594425332
145117480
2599842325
198927050
1047345656
363647771
2608230048
2578255158
854787998
187597869
285746447
278570200
2578339206
77851020
2572384284
2593586953
2462895361
2608943414
26219738
74805131
235522157
247805537
2503516916
492177757
2574255602
2520661674
1615306794
249555510
1450487310
242797999
529592265
860409380
35994040
2283661718
255047320
520950522
2432495810
2499235189
131135665
286625914
2258756071
1283341873
270390714
1258959828
369317224
275356709
1660580208
931583942
2184448194
626446040
2359208312
141198173
570930956
132108890
520742374
1665436477
340355664
2214474480
2402743202
2257343517
102291808
2501266722
39166602
2413162297
201623662
723758125
57294158
307735419
90808665
270446298
2667689921
113375138
488251621
2155421269
216403766
20515090
999134167
20414217
200909869
463660576
1361602578
841268336
151558221
1396148310
255496053
2599832702
588303612
2410995386
835338421
1535452837
2227762627
1283444592
2267095056
143391990
2498278730
1351091941
2190650627
918659508
839953086
227621571
2582137705
1030493862
295539824
1082547751
2540840822
120671539
745966986
93222913
227670820
1664389471
2388922848
2520114474
44991290
358058518
134027438
519623407
108953425
1862748870
2600094786
1230460309
2291088398
1963168392
132504810
79118314
2595166644
298889396
824603582
2447397756
52332335
2366986752
1500975553
126314367
43090769
61502257
287792704
128802901
1034670272
17159642
148261027
706981297
508292768
395759627
1527147570
516451754
49374840
1239498626
2329487324
923444960
486325684
2244432649
24674159
2336120055
2332803264
700643845
2247208076
103552632
2299136910
47904098
40448559
57935707
70110112
2274715358
592545116
79542239
1672491986
2417878124
2561951539
127265825
321271477
1552849957
492718632
333860192
135885317
315628871
1706390917
1481849634
55799927
247594615
290887260
375392164
2257492393
1700011004
1164979688
349521174
204331975
967714742
2602146506
1407823862
2261045210
310658472
862835702
156907326
329653477
2394434370
180258182
1309874820
2601222936
395422637
50260259
617402906
42871117
2559272304
1716507775
1967251075
2605708675
1410488064
1093742352
2347246916
111660579
2606679314
140047179
2607224612
2582687342
526576151
527617447
977249604
1020084901
138505635
337990168
2605041235
112225657
2603884196
2585484722
529647506
1307065518
141140823
456632863
2304222938
2484443754
2583425881
2604541933
1316183972
1664939964
128876666
2296845136
2605065529
2603807118
2329933554
2563590481
2603621293
2514902480
860714923
701317279
2492732708
714002394
1588930669
2571109380
128471845
2527048921
2576868014
145619744
1153102885
1516935085
1097304564
126061363
82069696
129136520
2458116864
245218929
2433307807
112187109
2601602731
2481464671
2582250054
2315809778
1488514963
598264766
100723798
236929620
2412114727
72236573
107752106
1037923404
583619719
725561880
1229478871
275499445
365992167
1343030971
98304197
2607010536
545980604
274047157
158610287
2186159917
18402047
44871724
480186212
2500733526
357422333
118993678
1839123367
2248587996
1118931266
32716431
2203596746
2400126877
1588994971
2437910136
440151185
121364614
136601839
603440873
2362454306
2258459172
1631998105
69541744
2585530135
2494406071
371691623
1501341163
1147314048
240622568
2603674530
292193461
590101745
2447344837
513978215
292217459
302687426
2605216976
118774617
1298337680
1361081563
286135762
2468903978
2236000400
2397261559
99900798
2510858444
2514564332
2590963447
2612980174
1324111585
192469948
779490102
2605680529
176740420
1575387096
2605819273
165051038
246175657
763157442
791071705
594214985
2597776568
2601708925
2212140685
2416241569
140783086
122715967
152188583
582552669
2606082470
67377944
2406017762
381388161
466275373
238175365
2449973029
2530080793
2294931450
895073653
2254562618
2601576128
1712327388
1139782412
141955399
2607240378
2287539728
2581947704
451609276
308441779
348409366
118140570
30190043
169520815
213271770
2418299116
2608244281
2607274106
60832187
545681633
2607687685
2551570946
2482361070
105388833
395199498
2607503353
561863358
2574799580
2593172094
1286653146
2474479471
365005749
19276573
74689776
504572308
72456835
174519608
66111769
2404839066
2446458298
99445501
544432536
367836490
553425141
172200176
224082313
2252968177
137414389
71767043
62308516
147478955
829337598
100163403
2286924998
2558772031
249340848
2604104334
1106870210
1627308775
874060404
1105629630
318868057
1087750424
380493570
2551903813
2266302493
1541032880
2606057204
581863684
250743601
2607328471
563851464
1394420348
2608101295
2470587608
217501860
100236593
43582540
822913447
159402539
909747524
2608191463
2608122542
87213273
849371304
1876868100
164967636
323962692
439778871
2489160937
257812222
118114833
628477175
87148667
1491018468
2608385071
1321028052
78235242
2680209689
268469858
470450525
2265803472
106825431
492386927
393558246
409383011
2608295251
2508014100
2608240363
2443948742
2588514751
471071566
545932629
2538868568
1859257164
523224361
353150002
807767688
2608327724
2604864702
2608454004
415033739
2608503182
299858434
2608497818
237823849
148301101
2385492546
2608452631
2608603081
2607142381
112760135
2553596515
918465679
94254468
2606861401
2207264378
26198924
897028747
2378677153
552535245
278640333
227666993
2512810440
842188824
2327493390
2350503230
2532211177
494155509
2257885658
2222673457
395769742
437441899
888596184
2604630288
2402972148
2583904064
1072742528
2160363628
447701075
230987579
2471003323
170663966
111947492
356188264
943301233
2392146853
178234264
2315597245
2309738484
2351490487
218063449
2583765714
2164466999
162047084
1687818164
2344909560
253013919
2475271610
266077174
1971115092
150596946
67946122
70064795
2599709760
573775332
90163082
821724901
843270374
2547178451
227644886
367057975
957634393
2602097197
2175671588
83867835
1631020910
356253094
2423611628
2582336198
2477727704
165006055
2593275822
348398894
2162392964
356739198
462743010
304400088
25269706
122416276
2580267320
507737963
227611430
359081997
152239419
2286085580
2578761006
298672849
157626928
84605965
257951182
128507121
2297025918
2566627928
2566751184
2568298819
1395303662
119360684
2567369544
1173608762
2568589633
607371105
2569374206
2417232133
398604074
630316834
2570509670
170209807
2569464182
2570200224
2498023380
2572361227
2571619495
297937421
61706022
75968524
2572868316
2619143231
2355108774
1258626872
2574223086
776286228
2574332088
486509249
444600449
1223166800
2575125660
1601763726
357372605
2577940748
2577819661
2577127513
749370541
2578068061
700279166
2558305475
2578040558
2622422896
1674586034
2574846595
876079046
145281573
1495333208
1627279332
1661977700
2293008722
2579869760
79720635
2580329544
797473536
2426115086
2504549652
1427193296
2582086824
279881128
2573333257
2581754432
2581762561
460990776
2630328155
2574555535
1505672120
2317456717
75535205
2583576014
2577118044
373890622
384164916
2585399538
2566240712
2493983725
2386543890
2585075478
2429922728
338335247
245742818
2586029202
2221756317
2359383306
2586700705
449558997
591576829
1106747132
1570981363
2589606553
240965647
2643414832
953543706
302435328
253590581
2583418975
743363959
2580751796
2559229952
2587661803
2590863079
2590971337
2222942810
358286171
2591219712
1256383321
2592674398
458402939
143385884
1282726446
291810252
2581541184
2586855739
18936284
259160185
1620959364
129237446
2503759382
70650386
189810190
2580503246
141878775
77206927
49623238
989348833
2180373162
2606550418
2509894658
2493083654
610253142
2572295454
2215591292
252656576
86733139
290121569
100867966
307714723
156846549
2290845108
342563336
2565425556
2348275202
1608234229
2361310164
16945823
543502060
134431904
1036713343
267088951
513169868
2210260450
2580069318
817868143
2570179472
361648164
2580316988
859836973
269239863
2580415838
2418598650
2580304238
2567001300
2578908175
1854138110
148427358
1744558555
2383581937
59692873
499617885
2203441718
79064126
401379973
105095307
2409017569
150245684
2539318141
1688679816
2580984956
1183486656
1659352033
2330705538
305105499
2358038202
2581449722
2581492458
2528908670
200065963
599863933
88304111
2578718432
1196623609
2259957690
2581727425
435961579
1052117436
329086595
1226784169
207204329
217966809
34285897
75549604
1290320509
1525253294
2485389049
1701219488
61525857
2361567080
2529228872
2515452378
1490518052
2518299829
2486690018
2475509562
2295058691
1863011485
1292584489
39933300
463600132
1480845666
2574331346
2565097974
2582629514
1258998326
120489874
22128054
491522215
94516076
72125094
2520809946
348917388
109795107
496750767
2587380631
554484227
2197203764
157962172
2235942054
30591546
2203285886
621583603
134748250
2259256722
1585956878
611666133
2589440330
17690904
122081203
347733955
2259858258
70452492
315188786
2275527404
2268149244
2169212535
2563569116
2404897191
581718773
2589251528
540795776
2591382218
2590875037
2540062885
2254854320
903804668
2582276197
2566674038
287556035
2592730765
270276360
2556510018
110212963
2592753974
587448016
2593108986
2650493734
2593316564
399495114
283811897
2492427913
2501486964
2593062930
2585491789
2590080607
732104258
2451664620
1374997753
108253319
1144482349
2544817434
1856325691
14941406
322797376
2514637843
1241327988
810162192
2504144759
1453450476
2591106134
2594269142
2508298584
953969869
