2711262560
72838050
3668951
2463006282
374526155
1026781075
74001901
40003120
55251954
343304868
28888486
1168994293
18839785
1078999172
2613379874
75977267
81236782
1089808998
468479147
53556894
483787467
2597413135
126580604
199524418
38468255
2547533580
288723364
925094390
207809313
1346439824
1324334436
2541634854
44536954
17732182
130104041
1072993274
1856414335
17850606
448177947
368711188
2534831960
2393674370
341564433
1191912552
2503480063
2190026348
135414635
52437155
74209978
2395668313
133066204
854947790
313166685
111080167
1923602274
77726405
73683864
132431057
1182381266
59711822
1016807588
1892933497
382728892
1153045459
2335973900
55176833
54861751
2148756356
398593054
1313275004
100223507
415436105
1026332905
2208395131
82907616
215936249
1288050427
113945245
2183816041
42394827
109275593
121044171
99448420
22509223
1552045182
83522606
233924133
137207244
52094248
1910442534
253995415
268676434
744141234
49264202
324897050
29180679
17537467
339040963
4126501
37869117
79145543
17739918
1609656108
213739836
1964021324
20245775
701299149
101949976
350128848
277382418
69766556
58243368
62101279
49792706
53313935
392608775
950451474
284370078
46744791
575188047
763853540
19929890
37168231
331548507
20248093
32843303
17668544
101298929
631289812
98117148
15656642
371730289
1715638082
109930762
144400550
16447258
32718488
17715247
130480020
989138972
62455476
1061359813
1269695654
47037418
47856457
326572285
116214155
1510782132
22518134
614449931
17093617
1437659089
928219752
600029236
1418662837
141467972
15762708
1320600308
1111672590
132817648
86478153
56318573
134758540
164213375
19897138
146832501
61430081
436804039
75237089
401471773
69561117
87233065
1322824296
122995784
434080966
277434037
17705856
1244137812
92467032
1242092648
111854692
1227253801
22796933
37179759
246194416
75311070
19760270
42043572
26997136
66397140
76134964
135108603
72227386
139385992
66306024
576348125
352619566
236899846
284584967
103065157
936695288
79169144
243584516
551757469
849477276
1100927498
64461377
46611706
44353233
136764609
40400019
362973399
115984434
86663727
1154869812
17659982
21551205
56312411
59157393
339246056
1119384594
586361294
172861291
381949397
358127438
839672526
403574325
273883415
123868727
448634500
155800643
567155859
17728286
21525682
36076870
45795197
370722453
923971573
49375859
90915256
15300300
62762183
17717614
66366766
577953106
712030506
860659238
561335546
9397732
116746970
554419375
597301440
388555493
505748969
124258971
296071754
143776014
617812352
290587368
623045225
706378819
622796109
12716032
245701949
75509967
560922125
90179901
125325790
404158121
359886377
71201743
103770785
310980375
18452469
35773039
259111114
252531143
134360151
88374854
75318100
57948579
441636351
206023502
134369482
387095290
163752397
59163737
47543773
635299387
25966181
97865628
243852862
43694024
42414011
98844280
113278275
113474316
21114659
110045404
50306637
370758706
25441644
165085226
4047721
314911135
224555899
57261575
56623145
21241905
15821563
363966431
524262813
244957467
168240973
49434270
46628867
18373968
483930658
41814169
40561881
536562583
60247413
16303106
24668049
33388399
128813083
43579706
25482776
15900257
133690223
61458407
363797725
286147900
505694805
24889586
357149990
23061619
59808841
148275530
15513899
444970866
154514269
9404762
94022742
203827751
33464913
471741741
28193043
465599519
40884854
389992469
30891818
120788757
213539531
5529292
383315713
256495314
48660857
86009384
259843963
28082599
65417653
122959195
112457929
151432737
104141949
26792275
147493686
31135086
403200425
17865713
50943008
403652691
405427035
16745361
46034142
304618229
91677492
33922954
131873356
34667257
15439395
24024778
53414786
14328066
88856792
36052760
14075928
237632983
149245718
265178794
373416209
27401667
64526820
172057857
358136545
38647512
6509832
37034483
75968447
331136088
59983585
54463072
113415132
21543628
90628174
145607857
53355887
273621045
37917418
60723139
31697820
332188446
88040817
246416643
35459949
16425793
15333047
17797666
137439667
101311381
262872637
299014845
134410015
69914008
153703098
122928781
157009365
21201733
70663487
262625092
260839582
17482727
8933572
120965579
142722336
101779040
14407089
46073276
84352985
250495841
138822469
242253020
17293897
116677732
17160680
18745932
122994639
18549724
17342842
11589192
219617448
77739297
118757160
15355775
53712478
47685065
145125358
17152685
78941611
53256946
80330381
50973651
68164273
16237067
29173795
128155589
5988062
21014078
50944856
14582087
92724677
135421739
76294950
110384744
46704429
148248527
17381587
63129578
16542390
18185582
6463042
58173133
43533997
92211391
37629039
75896448
19329136
56304605
52339151
57928790
8805142
43568964
84620593
50026402
34197952
18639738
44588485
16832632
18267528
17289530
44582818
44317593
10807392
