847045608
81339834
2597413135
19506790
118737759
94682674
168857946
14279577
848699666
20749410
50941565
1712771226
14917820
84505712
29149536
245220861
255924292
1140949538
315002750
180505807
52171246
1657730988
92494257
1525006626
20571756
1341863826
147493686
15155662
62342782
42350663
90576639
61153139
15176909
62438757
2468
112621921
598242424
40180697
373319976
402561634
17674644
60650902
251101801
223110908
169058509
428333
19606528
37942193
121407739
28137012
742143
16448593
94530194
33933259
84840297
164429981
231033118
1364930179
420115184
375474419
1548435690
14885549
161898294
15956519
324303244
128155589
1867843520
14390109
18929773
1081
74286565
97415226
15670515
2425151
15966603
15567259
783214
49928921
38854434
145607857
1274690550
595241737
254124909
14320997
988549722
143776014
93957809
68927629
102700680
44839509
17463140
234326024
4970411
17097223
847783501
130649891
22205952
8161232
135185193
25053299
88856792
3108351
284920800
6509832
256495314
17797666
213224236
53355218
171009315
25581439
221948535
277434037
58560480
24775410
34197952
17503180
48794931
172249339
18081751
21754623
50393960
73922084
70648965
14511951
11856142
28140646
91478624
19407053
317971322
32857388
23418415
48653556
631810714
202166134
108253263
45578562
135227064
17239667
17093617
20402945
208155240
56304605
30820751
101311381
15338256
81678457
