18210270
390602999
8161232
8453452
24110876
57947109
270771330
14162012
1469101279
125304737
2261759419
2252205206
930270762
17512276
168857946
14240056
785991084
14369310
1333467482
16973333
231723415
176758255
21323268
43855487
110411821
70652594
52339151
14335144
11686132
471741741
47685065
18839785
40884854
22940219
36076870
34131007
73871975
80318791
1190993491
21296679
17710740
142839300
15752235
18205527
495780767
39175100
9207632
16817883
12
2735591
33235771
66515223
386609580
134059205
63184582
538462634
15163466
2195241
564686965
162140136
23061619
15164565
18510860
468741166
82652901
74594552
318571154
74580436
8167022
452050314
4641021
31709458
47543773
557719049
819800
63073975
89914379
30261067
357062330
108391251
14120922
17381587
296313827
56501671
5695632
16906137
120737021
434545375
16548023
152990879
113850440
807095
349540312
17482727
6463042
561308629
616253307
161761501
292765961
7144422
102325442
21982720
24727891
1344951
18622869
30973
91478624
25053299
3108351
14511951
134758540
17006157
