24338525
2743417297
2716701549
368501311
1453853016
17455557
2307765453
334430754
392459574
338233322
150151712
361198132
2574900375
108577950
9991202
66782978
116997702
78287101
127863830
1671848557
1610646036
186488607
79671917
1516624982
16704987
576833852
71504313
212203422
44327014
83031278
56350183
50580787
50621764
167348022
110392710
139191351
69520588
418613895
1721718090
143114327
8099372
631233405
925094390
90551388
55860158
13856652
84572508
31103923
468479147
74939898
11348282
17629860
2359926157
265398605
323335959
4380591
2597413135
39961247
313409655
14082466
1167422569
49350186
23962323
20531146
61740757
20604763
126201790
1299194802
335891957
16884210
47694347
16375496
131882980
2605006615
270426592
11881992
604354270
172583438
2173422170
20481697
25058787
2518594155
98135312
1716582776
29179882
164213375
34592271
1732341960
963706328
16619994
592605975
49570157
345588852
21752853
21858190
240340019
1571956418
597301440
92803260
401471773
56949402
17840618
49792706
14068151
2480079168
2518015262
61430081
2218274526
2534310320
1934413398
2255036665
6219652
61008716
130104041
31034681
2497789662
2509549135
1572472460
37997633
195575801
2477203980
23095992
95588504
14905139
283632721
303633122
2503480063
108691306
23488779
264224758
1053453151
17337231
2493180992
140931564
114346676
21853673
89386253
208484877
1671452774
1176135546
14387275
31173665
30825971
1527596544
15330798
329039770
1058422668
1269414228
899542855
2348289657
1246506571
248549872
292475065
26744267
53097744
216958914
557149613
1099124418
118762432
30891818
13599812
165506153
165388527
15333812
265526877
84784860
212489633
115134600
339439341
46791411
89142964
229441348
19176221
38856791
51462013
2400320881
24107523
313295889
2205648590
115710058
17656726
571878474
1939711736
26230244
389914405
384536058
14315601
44932813
95144455
381589648
2423478840
36003084
1322305082
236561938
190538272
68126971
92245322
63839665
321488082
8250252
116833605
67543297
284578421
21200445
21138978
266721449
76347918
47296423
895083654
16892481
300735398
97636698
2325637082
115292408
39651945
338784337
1946442044
2301051126
1153107433
60502342
73733
468229219
2244199602
377206475
50467846
147906566
2233707276
742289460
137524817
1288658180
2397642349
402037925
37677496
1207648771
14889248
2321418476
51416299
1562935142
197872089
110025421
62342782
87877017
103072306
205209287
408467423
15760192
108195355
105785032
14589098
234876038
741520723
113945245
579049958
43743121
1169065068
5943622
505694805
14328066
65852066
583623149
2230173613
80045475
65187067
2151277891
53919282
144871419
100638626
576457087
65420040
233153266
1249693405
280462945
405124125
30445481
230761971
623045225
92733420
72680406
2312262702
112090318
573918122
2335973900
61290495
158750167
414946220
144962271
83814679
17243582
16680002
73043514
20571756
2250530515
65645703
21643419
212560938
617812352
19393128
46875124
404143122
2119941
96633706
43306157
42018126
179707847
394986531
730698806
67854459
233533968
19304949
2211259492
1114663532
1394001758
17039573
19336537
140783134
142730813
452050314
712030506
93128895
1402698379
244957467
1056850669
262581688
322430350
17675093
61409445
15028398
819843415
581317083
108957853
118816141
1513294208
2160656877
103770785
14125494
2183816041
1947315842
86020385
2193639037
1181185220
89561404
2234342274
281960849
215715175
190430315
47860234
76935110
42228666
20694211
69879170
13087382
33194672
28535163
106021590
150624490
78085984
15514143
244137876
24289203
497600704
2237153665
19760270
17865713
632819858
229538585
9455682
73476030
288674541
70361794
217265385
26871300
17751565
143532642
34891363
56980131
100480895
104092776
45509401
19389921
1662923078
1974470773
1910442534
1633393651
184136149
14246001
73121137
14135117
1083749642
20301302
45128856
84114313
19313770
257048400
38685872
113735425
290601596
407937081
382728892
364883571
164242095
1660468830
63048884
51003218
1043211236
17773946
249469549
18792168
20373236
571297251
1107381073
61690026
28649734
450301188
232093902
213734587
62024538
533209114
45150426
66347007
55492193
140436665
18684662
146502086
17862168
333386138
53355887
161938401
1170885648
48301098
55882740
2165885412
55176833
120091754
533139119
80983134
335099279
927137894
34328088
43922300
89482819
1867843520
1392163634
66351428
260782440
144400550
2152638601
147112891
54488367
31119205
52763416
13666112
133978888
42378005
193272969
1964350244
355352487
5871672
166109668
103865125
1516611338
17175213
37918511
20098015
20489447
538861886
609007971
258684352
240879503
127790650
245208137
74790934
1327668368
194022170
78271006
62356591
15269964
290180065
16977059
438152067
15620533
18837791
40884854
109669677
28991431
15199808
1194250747
114981133
213113598
228601139
613368810
502281810
93817401
277542972
39710341
54297505
133415247
1474427773
18645812
199766003
338237494
21105771
181275886
614205507
313667012
480127470
124953456
68914690
416857073
839214360
296792658
194034337
34613288
263099844
294809172
745002644
1073336054
955229336
620034505
19596687
27262835
75336429
25726206
524262813
38475798
296198193
127937937
816918619
352257946
217862896
1034496061
27202385
344156747
207457144
18701406
456513246
19378833
589064114
1434863119
635299387
74977930
55043433
73431630
403761570
706618208
269707918
41330638
26759984
801207002
374716994
533085085
1201051748
154812581
295530340
22128321
20239948
1515915528
1062720092
1023072078
308387745
17813980
14439168
1316811403
1588718180
233285129
17797666
104141949
67851778
20056177
60607157
20978574
18717518
18846885
266223751
255919144
43963184
86664924
23882596
47583067
29739553
114457702
300037730
1657730988
1111282716
7946092
153763933
1356195751
458451038
1242286285
45210639
55179507
140110804
1588390411
27457788
111556576
164103265
14645914
95155095
620142261
17986699
357062330
1877831
50573483
15962096
430490230
137352909
128485050
142418186
263328147
24854898
33727596
329721438
18044851
223569986
936695288
920737645
1305692694
1269695654
1231712474
287156977
1454014380
34667257
1086485478
65305565
61755650
21168995
20155652
14663958
210001531
127765218
12984
47548822
14048901
148275530
46436729
191841042
15203462
114574588
170864459
13348
274606076
78259714
15073059
312790865
54953415
131815342
921398586
16955991
84542880
14524389
18761671
172057857
69541557
20015311
47753886
118024094
25256154
480135019
41048052
100174414
22817189
15639696
1004887885
451215777
413085323
14979049
360155647
15446531
15143478
283916211
57608570
23652308
17261311
70903589
32073913
69538264
207220739
297887170
100265528
158706110
981060806
493254901
17041719
1244137812
626372660
87233065
556902009
22082660
116677732
968433792
802768088
66327473
113693399
31776676
1227253801
8848482
1100927498
36664838
106728983
212386616
1089808998
59557446
1127563141
114451681
103255587
25628754
323839489
379574009
464891863
148275817
253414390
356107772
586361294
14087270
240768575
153445630
70379985
14760750
72023944
614260197
40837929
16942956
98074064
23117376
74163496
578251361
207203113
211411783
331816614
288483197
138037459
128177820
17663164
312099686
159894847
777588374
295301376
430250670
271573557
66397140
13616942
487501096
119714092
247006547
20329819
331803536
326369670
27601238
34356916
158414847
72403003
14072706
259111114
17983583
40235880
751400048
37203190
159491022
53533572
763853540
52322954
16998034
236832230
130197701
16129291
311601261
267116307
28987977
1061359813
180748385
61465352
42894332
936092257
387174430
18988192
337040675
33801019
74964902
55814899
240984824
570576883
740280793
127529735
30631881
33150283
291719030
75259662
368043682
448634500
477212953
113463675
415860281
403213984
189512355
283873729
358019924
18069940
16362006
410100010
318283848
47359057
274955383
293063175
58318305
6132422
124417754
63136979
74987950
242253020
141429080
41832069
229819878
56997066
24373412
16427565
84111527
84554399
53640157
114132739
15271141
17844280
203827751
53645175
15070672
628436278
1769191
156293644
43104516
370589204
47793869
345467913
17706294
17675013
500704345
140955302
480930665
14275562
28075840
185694075
331136088
254434063
332188446
17668042
4832871
176665617
173235703
105435026
958265798
18739463
14978786
30035108
346316391
20779255
431954667
26782958
527526077
14810827
5992502
45592970
21744554
483657883
19530624
907473012
928219752
537555179
14205258
15244481
20174643
326572285
30331417
292615187
19194900
862483279
442917941
269655988
370054593
36314370
8698862
32355467
23052167
194521917
372837129
43697112
245280998
32347705
246395295
291557277
17369005
54155238
134098085
541101047
297790369
740533250
569168530
246416643
217374596
24034743
272974932
48375872
585708757
66159588
793159568
20248093
125370749
14700117
141990916
19811190
101732242
36287423
278618530
300090620
36070075
117052405
134843143
38800236
322626876
45780613
14377403
77529558
25447646
4126501
14120922
132817648
147493686
185159449
301772950
20536103
31077195
180672601
17833557
49578370
16516037
706378819
237632983
53556894
14677919
231033118
616829114
339824133
289274330
603435179
33866039
383684745
601901527
46704429
16542390
119681723
450577886
22558481
21957826
44396229
79831371
72827017
319627857
164948955
59163737
36022986
29391063
214193358
67545361
68927629
75246331
35773039
494518813
23760629
97227363
86975611
358812217
244841791
186113747
144545072
41366372
117396160
17668544
92344998
65130286
19894933
566907119
118701244
125265643
24414793
352570175
21651332
7076492
166739404
148067703
115378178
28534252
293541611
14348594
43861191
440932395
170693534
28742367
126858738
44831071
29932370
262872813
621815529
58243368
42959267
54427337
622729221
622296074
50201737
38212537
141527741
54829997
28644174
75079616
14618863
525218556
359392105
115612039
360740077
361315016
16237067
244655353
35753626
449339946
60959527
37730793
296927734
136361303
14353392
28968443
19554706
17387399
138357146
96926625
15307415
17572743
252190118
134358536
126159625
4022351
13116802
145125358
116550662
598686429
112723185
424403879
168432121
224167729
87174678
472874996
15954704
43860827
326477137
69771400
326359913
18329941
454692246
88856792
28213516
400000860
303276746
16094516
16402100
28968214
31709458
57085475
66106708
200405440
20151889
38649374
133237057
139876086
436702610
17569478
98142216
45097883
221706395
198795374
524236568
275466164
27092454
40015402
51052437
22135994
515766653
77714495
38466098
35210733
573352418
21645209
85363141
95628356
404158121
38580897
128600158
563594694
43128194
124729909
38403110
15129159
41079443
52368811
14300638
480782173
135316691
493314517
80814803
278397217
544295381
536398403
64222598
26782154
16451848
441636351
15176724
100363256
110929302
44589217
524235256
98181654
99918503
28760465
26997136
108936259
87170183
67283111
57948579
384237793
499551798
78280351
490442018
101538730
66319159
177547780
414162737
175942384
451869617
51943
500042487
109652683
21764186
471287735
40341793
499686010
14349869
1524841
374526155
19936673
19178965
388555493
45162347
23930272
372677761
149741178
227638401
26511660
52090363
70044497
16109501
428792888
18939092
468676987
20664363
22084427
454019095
324551775
327508125
425099134
95894989
73407177
74932298
358061558
471741741
102382667
34278813
20833010
373978051
49095212
69916516
81111175
213035380
12020082
43864767
84744120
368423275
127121446
163952496
111615736
454854684
56680629
59135470
262579736
150984645
39227308
340441440
132862866
30707312
33235771
36823
413130016
46062566
33868638
126548359
317619362
430692236
36889093
16269042
14175873
39258955
231043038
28888486
94022742
56644783
165721692
314498280
16698419
230845588
46257156
166767883
28023585
312054247
57084769
75871124
55492149
218979156
22146985
26043851
15913
18185781
122445177
51150814
108985138
72801249
17249208
172522758
139189823
423615378
16018985
13746792
329753966
10211472
20695836
358814014
11530262
61846589
182801818
400892657
277434037
90420314
127729997
154875149
44425241
152251488
347257032
268744122
134533659
216447259
36620861
28140465
85436197
38368621
22752426
57271746
14259904
51518665
43313304
89503894
231093264
36025553
403332412
83876527
401217343
364488011
268968085
183213825
41754761
356960251
30414559
31377750
50845546
155285529
59051881
9831152
22128767
391510989
352520683
16299754
314441881
75974281
73871975
190930608
1081081
254033916
25471452
3496641
30136886
15143770
33423
60622947
93579404
23578782
6989452
14006252
64002539
19725644
16465385
43942380
373280952
147551629
33150122
99146895
43336368
117686766
354561438
35154507
87059808
97416190
373416209
64738131
250831586
53712478
15758034
14517538
134038665
39498915
117727116
62454272
331550951
285332860
261652299
36717829
54612030
372723954
72806546
134206307
24024778
21643829
17991281
303059786
276843648
115823896
178673822
22603367
79036669
66670429
17840855
16229111
117777690
116780099
281409681
17939037
66703055
14566429
57188308
104148676
243584516
26727655
17404480
187218932
240749225
38432016
176295495
97893963
299014845
14130366
345148894
194213012
11589192
260663757
2195241
20073166
22207520
58166411
18028249
55808522
334649628
256495314
101222700
73334533
15443742
25183968
135110894
83181928
54859667
228804877
334643337
71201743
60015540
105053955
14158133
152332756
1997551
7684182
8783002
6073022
39703260
34533324
310239584
341225188
14198853
143776014
341363220
18114779
112505363
57671815
97633212
13824212
40187858
79402995
60312060
89465917
21907474
55710989
106788885
308438628
79494033
9397732
52351301
45161002
145553590
15536471
142185437
15099007
16485058
90034304
42350663
205770556
223492025
107724192
25482776
60843563
778057
54861751
56318573
4416901
224180296
14363244
44889541
259925559
280098725
126551155
29159712
7901872
14203885
188101787
13766492
170128643
307371075
96945488
62879328
47884124
14830593
16093478
14360602
1966011
60549024
39922166
17776557
14467074
14908173
138330579
19119091
196917975
83522606
94532626
23058879
11757522
39963385
41064301
116993018
35770115
42446311
28760837
99074409
19642916
67092846
12798452
58170833
21014078
38144181
37284430
45452226
92708272
14638714
49821407
14507215
105998402
23889596
18538525
14392347
4488
2003121
38778248
143073595
35202527
69733268
34868965
142649111
14857290
194953561
24350287
202557350
158089836
99703383
142722336
12635682
97829840
176762226
65307102
122732781
60649803
9093
16736635
188039706
55325634
43041234
35291908
15499491
6705042
86734482
28520903
220228167
22151193
15074008
42226885
177707651
20771519
45570140
275564493
725733
93636324
15333047
69561117
8358082
14153777
16271598
14837323
40867052
47292154
19693432
187901439
24124921
44345790
44876207
16334387
70954200
52368740
42365215
94744244
14048734
18134578
5288052
281462108
19981733
88144250
23288891
57324913
281426844
16556060
47871568
182819292
102723858
7372222
132517082
20123671
29384490
25333609
176745223
72497588
42061321
24866995
16694405
112338871
37985888
26603518
99258475
76267016
41364508
45547903
66700936
85047114
25008422
15350382
101040698
23615900
61560150
31399326
35459949
243878354
53313199
18219303
270260104
14120711
14756306
95107037
18098930
89903345
224649412
18510341
6243492
43390370
28593808
18812301
28593464
23157135
20151735
193727854
14411701
12513472
19018183
6566502
14940354
38661293
240127583
13215132
42182825
49105019
2673341
9083
14853049
79421749
24538469
15853938
43777167
18937546
49921552
57239507
43883624
29133952
2467791
79543
62581962
192170847
243627457
20586110
18601045
38617902
136293558
20526449
785766
15155528
23418415
14672778
46638111
119360445
84620593
6070762
235891694
33799178
123199473
250495841
23188724
86478153
27815263
123640393
19078479
55520719
56631494
18839785
18948541
53414786
46744791
97611573
59983585
47883282
1980081
51923005
15484895
56913467
10839562
161964795
1344951
26705671
154044154
50393960
20
20221159
56931669
27847443
27602873
46003744
20536157
17004618
49909770
242409796
14360757
21651160
54682125
20067778
114813714
54854558
100466059
116746970
59469783
4970411
170978816
18424289
5108161
138822469
9534522
65875467
40876040
16932590
7788062
45116820
219617448
74436769
18215980
47742585
40794324
142396530
15349225
11364
24447643
44874400
62762183
233364902
18696855
18720595
19742143
14824849
204002663
36717227
17685964
15053834
16694274
22239703
41094453
15400426
18210579
19394186
14118292
138349057
20156224
18795818
167851018
31387987
58175127
20749410
37388390
15670515
50973651
3336
29947296
172186399
17967153
122928781
36076870
96101258
15685761
59808841
22848269
23024235
26003471
19699761
20823928
21453226
47543773
8933572
26792275
22598364
20928137
24885558
22906929
113963
806133
97237639
108390812
17707863
22753350
38278050
94741748
59141880
27473499
17433151
18444298
198224900
41821428
14369216
28378302
42373
21023146
6591712
40020929
182098737
120965579
92211391
76294950
30809904
146832501
33992890
11778
195397350
14754472
47685065
56039856
69904095
18032348
17687028
15851042
17005872
84352985
15705567
181124730
100490649
19064614
113278275
56312411
5988062
37168231
116524405
96882203
92724677
74762101
87986621
53602076
122995784
99211591
53256946
115941509
57261575
80331801
143766231
77222698
173991090
23719690
75509967
64647238
49923337
64093385
38221627
177492853
13619932
83529586
25441644
18205527
63073975
7948812
36052760
102987028
18185582
108252113
42573217
52339151
56969826
17717614
14411773
14072047
117987735
47814229
11695892
5885232
21551205
5562092
17779091
108390162
111416258
16376280
13507972
42414011
110384744
44092347
17659982
52069954
14918367
18667578
49869921
51104731
77206619
74683932
96770886
94534905
109279484
164412352
83665853
139234794
16695229
18083545
31141090
148248527
20584030
18856867
12716032
25966181
15205271
86254626
6281882
97865628
51030554
59537533
14130831
15659808
15438018
16450235
53416660
113352671
16908659
15104935
19011374
19929890
18719434
56932639
79153622
121046433
8943
110701087
56723590
93207700
17652196
17503180
40180002
30700107
18918939
23894317
14418460
85056933
34351681
30896648
143346343
35440351
44949890
70663487
140028881
53790896
4777
19016421
99693145
21742517
14787952
18402494
19766409
78941611
23745072
125547081
16373810
118685228
48315849
91639227
18547863
51039597
6466912
33853188
17357985
40516848
53369540
56685329
25082055
33464913
19225156
24127641
130496882
50228660
25300858
78299985
14274685
39987593
112926701
85022762
14701916
46593623
65833414
18356816
18514250
86255176
17149798
43702409
10770502
21843066
115485051
15508962
19900442
74512004
18431930
18713254
107448963
14473002
28359405
31232372
70652594
21955447
17342842
89417423
52108475
38811462
109179335
15117048
49381095
28613482
4131631
14989546
42392606
16274641
72466936
14626334
39702850
14471987
26376057
147863
17788023
18745932
43321252
8834252
19073140
22017602
17999031
18393773
31389200
44588804
14911721
17646463
19728966
29476717
19686111
15905148
15044593
37425328
108391251
53361499
86315135
19329136
15960664
18527352
13214482
68646023
18159548
16858911
24942750
70132161
16705063
17381587
29187734
17292833
8952112
29404066
16745361
17293897
21126842
7816152
39008466
14131972
16563522
23568949
104237367
54225501
21307751
44044794
9537632
37252894
16347465
19095139
60063922
24486317
83763993
21507883
30233024
19960087
33338729
15838179
8167022
15953625
16828819
15236545
18040514
14485018
16557278
12522072
75854417
17145512
16665684
47080299
21408397
813542
60014980
17839493
52378823
78006680
29970894
51376979
93622144
14697486
36327407
6434532
83182871
16866061
16471273
8669882
12401982
81872199
98041179
34131007
13589822
19895282
13532862
12030802
50576487
18872373
17836273
44299825
82821040
23928170
18758940
16613183
14491296
11934002
44104304
50652598
17153700
62741206
14325717
51749848
2999841
15838610
7753772
19846714
19037086
32831617
50046679
37165369
71226483
14786823
20498016
15733356
8531372
94572793
18548778
45145970
22598822
19140886
34882713
40061924
13342982
34325960
38659143
16685763
6473162
15087011
14834340
15233342
15513899
28973162
77693285
51001368
6367962
28619439
69580076
66612094
79797834
58166482
19586325
21644992
64338176
75896448
15966603
92510383
7657282
86008332
14646481
19720747
16390087
54148611
15179424
17730603
30430816
50944856
83531741
1484611
28557188
15444256
79692602
26977583
14145498
15465521
21565678
15760641
16388869
21020683
15127046
90565865
15306005
71256932
18639738
55078954
14582087
30658530
14622939
17152685
15749983
58203131
17372386
30430455
70308740
42837437
27602673
83808295
16877454
5120691
50306637
7506512
19406070
24139516
5845492
46073276
20584782
17616019
83773894
82126112
44106400
20658808
83883736
57947109
14831935
79924840
57998991
66075817
22897647
36623042
54463072
27692165
18159833
53921137
34197952
37629039
71482090
16307932
5827392
43686245
10437062
14689777
63452894
47995732
18986499
13425652
62087089
42855140
22134978
4322971
15977875
35222128
14149015
44588485
15327250
17919393
10268172
42674322
30684976
16200080
5649512
25040734
10807392
16226800
14089830
50193
17510210
41072125
14201574
18681139
9499402
13749772
40858075
25990496
41898533
22513829
29442361
14223643
18699217
15949042
18602702
764123
1300521
15325142
44317593
44597179
18893137
22700817
18997933
12954612
14331166
14082833
6017452
17736666
10652272
5461062
18931698
37170376
22732425
17188750
17558832
20717826
43568964
17703545
19180222
23586955
40971936
28308685
42953038
37589601
13443742
16448593
7851162
41545005
25599803
24705126
30438436
16156062
19182333
15496868
4047721
1289651
25646493
23061619
21882251
22602800
15146221
5763262
23633023
13058772
15736190
33584794
19305157
1717291
5567892
16361902
18704675
6034262
7923652
6794482
18498684
15236975
23544596
18872918
14600116
14761795
18350514
645343
21221338
24500422
17029640
16681542
3232811
15175368
989
18800265
6809452
14320997
17761983
6017542
6431582
15656642
20751449
9085532
14444461
19192227
6509832
15643787
18710293
19897138
17482727
15881566
6325
6356522
14586462
17194296
17710740
14369310
19409179
14297652
19584103
16883243
14349786
813286
15439395
17220934
7400702
8161232
16539957
972651
7376382
7905122
17736694
5460112
15492359
10810102
13714442
14091343
14075928
8805142
14917830
1965681
5858802
11686132
17673635
5856962
15473228
6180262
16254711
15994435
15076390
5069851
11006362
14697685
5695632
14417794
8117362
3038501
724473
107
16679934
15252873
14054023
14791330
14457726
5860692
13630182
14340948
6050
8642472
14224719
13784322
14405191
14843587
14985228
13459402
7766912
14416959
6465702
13458232
10998012
5402612
797206
14265414
14213195
14226981
14175145
13610292
12879212
9404762
9263542
9707072
3668951
49793
11331862
11047552
11602652
5741722
807095
428333
11117572
11907592
8622162
10587302
4974
9558532
7635272
9457392
6634482
