140804002
85024364
41133588
404965276
2532355700
57721830
51241574
759251
17471979
742143
167062995
21134487
2239729844
380218611
538540761
61292961
377789486
88427637
420115184
771947360
47055387
59983585
227626917
259597063
1699668781
1034169152
583934982
586361294
50228660
21907474
56016850
61660254
1303437198
15728161
388272261
70179948
60108464
405646166
1225696320
76025512
149267275
42226885
117357898
2601797167
19506790
239704979
101314413
469414538
56685329
2581537765
58550415
480525355
357949785
464741818
135235691
17057271
284441324
77888423
2563173078
14918367
18839785
19929890
367036910
263034281
2517085962
234700979
368711188
130104041
2175334262
380847666
141726212
27407881
1182381266
441636351
86479411
2458403774
51437971
1676314362
146468921
2298188970
436442221
15966367
45797411
1372189021
233609124
27605464
2213413240
78240297
2433109729
1376389952
46791411
505694805
346405207
516441040
524029083
23575592
36919108
225716838
242337246
90687780
2149178965
1683455346
58726750
113945245
119464969
64361104
37903908
67335911
2462787336
64780493
2456749783
55882740
159750513
17710740
1869349710
85639342
118627707
279449435
35222128
7684182
18754313
256549906
250495841
2395668313
24705126
830843839
584718766
2439529140
2468626174
400161804
354650675
142968219
107277118
188854661
2453033559
25240428
26574806
834869358
64230651
1111282716
113278275
1401726968
122658025
121056038
53126802
120965579
39470589
61084313
1867843520
764334150
118261224
2340329364
90208407
917684263
137375429
1044412662
252520656
434080966
246296202
1453331047
27960719
628277574
338822602
121208305
448015318
15056347
37011941
588587397
5120691
60843563
134492570
104234447
1062448933
527479470
275275098
93338705
450577886
15330798
45008036
156243399
52171246
1481794250
32047509
71332531
222907094
361431618
128484463
40885516
901588886
50973651
143114327
70720575
44585109
925094390
2183816041
1910442534
108252113
126218409
83530820
121366894
73043514
757230012
266192063
1606048885
26611622
233831171
66334209
375245154
448634500
32367401
96101258
25482776
37034483
454809841
212181588
614134623
122324271
56020295
381589648
386442211
16983244
39040309
45547903
305288711
42414011
839214360
100174414
60023642
331548507
20551702
38403110
487736815
140402961
579049958
1715638082
91373612
860589992
490442018
138387944
1060578475
131442654
204832963
85294977
614459741
1595239633
170103644
354149319
17404570
14173315
56318573
47583206
1182770682
597244737
1441339070
68386022
59830258
1364930179
125325790
17673635
69914008
75035841
1330457336
19966557
55744280
928219752
136009610
479809444
797430883
256495314
706378819
332188446
78559795
57928790
30826229
245687754
58547872
416857073
240649814
398271367
33464913
2884771
459943794
2467791
20751449
5402612
4898091
3108351
34713362
39585367
83212615
18332190
60937837
32843303
270771330
96900937
167989418
41814169
16219226
50201737
16012783
34197952
329528817
56312411
96075917
5988062
77744804
138822469
124417754
118757160
177643755
47543773
53355887
52339151
87484569
122995784
101311381
145125358
128155589
17717614
56304605
87170183
