15325768
1401726968
99276987
21959061
1467673213
111474163
64526820
268676434
925094390
303797922
304971850
43922300
371222569
2271293785
47595335
53256946
56685329
42350663
2574072036
46791411
46073276
371730289
32843303
471741741
219617448
79569980
389914405
73043514
138376017
189917061
2329127093
46376581
700381477
2408024388
2541673915
183345596
424484966
203872812
80330381
212129844
2534310320
372837129
237632983
60247413
2190026348
1662923078
18839785
2384144642
1062720092
2507334012
30029450
22252782
364534938
26203847
49909770
4126501
199233142
45547903
296792658
14201574
570576883
1089808998
988718094
2210932992
199766003
794593244
2433109729
1153107433
14582087
437235053
483657883
55176833
15355175
302628007
240649814
321589427
31057157
119456978
37918505
2312262702
15333047
64610462
963706328
37936916
1683455346
51375818
42783427
72763332
230360544
2315861
1317076194
405427035
27407990
483463552
102987028
265178794
66509482
1571270053
17675013
579049958
707048490
18048681
65875467
47813521
1342161517
1263706735
1671848557
1974470773
89218664
749963
291697863
105446589
355352487
524262813
882376933
18270628
2729061
16865096
54953415
303059786
463194200
328115588
622868850
57868876
11564692
18761671
41981944
52627849
331136088
255117773
191511134
22803302
48906364
1657730988
1404590618
1115348904
344549413
27815263
1552045182
1050622416
36052760
1208296477
17986699
52094248
335099279
104141949
17229737
74096027
135214544
541186676
865005462
18544958
113900748
30430816
47049617
84231517
415860281
403213984
603435179
376180040
99146895
17668544
83773894
19534873
25482776
47840951
84293967
46106865
89909348
19348870
8383592
123980626
14677919
49595583
66640172
20751449
26997136
451869617
47271185
24161790
293063175
83876527
304596131
131763362
59051881
399923070
346316391
49578370
11695892
17714273
49792706
1484611
223036166
250495841
131873356
146832501
16559527
47455112
15766082
92773212
17152685
37629039
21742517
46839580
75246331
17776168
31399326
15307415
16427565
49647184
22518134
38718720
15728161
48318008
39258955
21551205
18639738
