151386994
226874391
97217966
77732185
332202244
247507699
1634678071
347035710
89492277
1419020654
15942075
49877768
2311557998
93415097
207809313
1251083774
1346439824
471741741
559345507
208417986
17874544
63796828
124204931
337065278
385909720
188717566
292765961
20751449
5988062
40579448
56318573
310239584
607189372
20791372
377246950
129057534
51355115
807095
63959573
113534528
751400048
86535708
250495841
37034483
726925742
134758540
16897506
413152592
18159588
335535886
18839785
73116673
75460717
125798513
258703448
469124812
163775048
481506909
92904612
94761188
245687754
108006063
61126132
24500422
203051084
135399738
15513604
244361513
171961403
197851335
36664452
2884771
25966181
428333
6509832
30313925
41898533
17658786
6017542
18559380
52339151
16237067
