15174079
128472974
1610736752
16361902
245218929
231033118
14511951
52339151
458451038
49511619
441636351
219617448
100955967
93827443
244183434
737023158
147933034
2491182451
14905165
113278275
100703301
103061572
75854417
130104041
58761257
64049044
90628174
163064944
565617744
1503129680
1317076194
159027362
54301530
141633175
104437073
711694309
2267410652
250947897
117662694
17471979
2425231
154875149
256495314
1434251
22001973
1657730988
93622144
73192327
47955617
187854133
742143
15656642
1620018457
1229482075
86007840
56318573
245687754
17710740
84093786
66782978
53412380
224497862
26303602
355989081
118201804
143765429
56304605
20609518
582893544
23723940
265178794
333939431
17381587
118757160
42414011
14899376
42350663
88856792
19895282
87484569
20751449
132385468
134758540
401613868
22256645
77888423
18839785
44588485
405427035
490442018
101311381
471741741
292356812
31135086
116677732
53556894
145125358
60937837
138822469
19397785
402756377
97865628
15093629
84554399
37168231
122928781
122995784
47595335
24705126
19929890
45358499
11530262
