2234457776
60783724
2367568740
2325637082
5871672
42394827
357062330
17865713
75559099
14197617
18949452
14606520
1528830962
1657730988
15346184
1089528775
564686965
303180016
458523840
1401726968
1099124418
1513294208
47856457
1400837108
72539202
1061359813
89142964
180516047
452757717
1191466099
479809444
415860281
40322623
19064614
508086493
18538525
18861574
101732242
116746970
47080299
4832871
172501485
20907214
31226563
451963469
281462108
23969249
200977317
28864960
47543773
50973651
412761520
372346211
57671815
293063175
14663958
4126501
14316371
17659982
17991281
18447238
355989081
100174414
55520719
133377920
11530262
34351681
24866995
13619932
11190412
374526155
14978786
15960664
44876207
100724180
19693432
123640393
8358082
187832841
38856791
7788062
14125494
20797965
49381095
84286843
97573483
17404480
116993018
60937837
42414011
15260082
81299137
49909770
22855448
97633212
86877019
56685329
21551205
12954612
23058879
23652308
47685065
75854417
17175213
188101787
31399326
22205952
194213012
38221627
58170833
46073276
53042424
50652598
21168995
69672724
246416643
18134578
79421749
250495841
18872373
198224900
243584516
15203462
20123671
63701470
42350663
138822469
61755650
22771488
22513829
6591712
18547863
47814229
16376280
96882203
21453226
163952496
16694405
59983585
25447646
45161002
25106021
19883
15076053
797515
42573217
18745932
18205527
89903345
37010087
17779091
36076870
99211591
23930272
15400426
16924685
14120922
137684514
14175873
797206
21020683
46887720
17967153
73648967
14352372
14201574
21742517
14460636
12716032
27208120
21764186
74762101
53602076
15333047
8834252
116524405
15513899
15104935
14582087
9496932
13214482
18719434
34551702
102987028
48231808
18794008
47117219
108391251
56097099
17754063
110596374
107168854
26705671
28567080
47940349
53357060
43863664
14297652
19865733
65112853
19900442
14093432
7366752
83773894
23578782
84849276
50243043
86315135
14416959
53722000
20498016
24964249
15095464
20859476
5927142
32464541
11760522
29374895
15349225
8167022
24359645
36623042
56350183
25996052
14137889
11523
15959560
17152685
18431930
16682027
31692675
18403763
21180362
15733356
42018126
55179212
18937546
24350287
18024625
28563472
63073975
21510643
68739094
17735953
15443742
14071526
19194900
16863696
18421382
21395825
26971695
15900761
51749848
14734883
44840588
13716502
57842789
16612305
38716096
23615900
14418767
14121259
42392606
36645296
44704537
23095992
10269092
69816481
25026980
34131007
15279688
48315849
14757065
15770476
16156062
24333520
4456601
18032348
17381587
49560768
18058741
14089830
21124839
12093282
15105039
18159548
15255795
50944856
21014078
15620533
17717614
13507832
16427565
18344173
5358
7753772
17717799
13714442
17701394
16200080
56312411
56304605
17587172
2020781
26548128
14235693
20717826
14433293
27063263
25441644
39922166
52339151
11589192
22817189
14259904
25966181
19929890
15446918
17482727
14054023
14830973
17674302
14689777
14818658
14369310
17145512
17433151
14787952
16839518
23061619
24705126
8933572
14417794
26205385
7948812
19078479
31034681
17703623
9967462
16557278
14812945
7923652
19380829
11686132
10652272
18185582
4047721
17839493
1300521
18215980
14340878
5879952
18288362
14853049
989
7422652
14112679
12390642
9457392
5562092
14411773
15379199
15567259
13532862
16274641
20924012
19118257
6287522
18444298
17894695
16666933
15146221
3634
13262442
14158199
14115670
14952099
19305157
12273252
14883122
7261882
15311578
16665684
7426632
18798170
15484895
11171002
17736694
14627463
412423
8117362
3379031
14349786
14472038
14917830
14197636
16704987
6509832
15508962
6465702
15592608
15748110
5461062
16978027
14130831
15842558
14828938
14113798
8099372
6578252
6463042
11006362
13348
6017542
14201674
15789071
9155142
16450235
17710740
11840852
6431582
14072047
16883243
5069851
8622162
14281647
10030522
8805142
11778
6356522
15405349
6909872
902341
820694
15607632
14251565
3336
1378
9404762
1965681
6434532
15106517
13553742
