2605128002
118021606
270771330
27141072
19985444
458992712
154875149
65642947
609884455
60551154
2476895522
116763916
1344897174
102987028
87233065
14328066
19130146
925094390
75237089
49279876
59157393
18986499
41814169
87942403
2563406178
44704537
8933572
17004618
17850606
258703448
111316603
1447949844
97217966
354149319
24059402
67802523
46791411
216958914
14689777
28082599
20571756
17715247
53126802
50393960
586361294
1364930179
17381587
96087281
17797666
169058509
162304163
33853480
761416190
42783427
1182381266
71504313
242253020
52437155
331548507
14916964
292765961
945244357
85221650
260251320
80664593
80626496
76858507
76558553
99034397
101406844
505694805
1274690550
24110876
243249906
114132739
1867843520
373280952
1588390411
597971157
263031095
2183816041
75989138
1288175774
81236782
213539531
1317076194
208417986
1856414335
373846717
1324334436
14890305
36613629
1165206254
326572285
61126132
75509967
43568964
19929890
141496671
635299387
561335546
46073276
17717614
56312411
143135628
23058879
47543773
331136088
1657730988
295251095
151432737
1111282716
189917061
16448593
22205952
168788869
420115184
68977380
37168231
113888852
401471773
61137370
298625735
25482776
29398579
87484569
104141949
44588485
17152685
18373968
21014078
317745318
118757160
243584516
20664363
129057534
172057857
277434037
405427035
56685329
147493686
237632983
18159548
41898533
40400019
21551205
219617448
100363256
39778096
373416209
47685065
258283931
345504143
19329136
617812352
100174414
15492359
458451038
256495314
60937837
416857073
471741741
19224439
145125358
50306637
47995732
46704429
18839785
6730222
4047721
13507972
41094453
2553151
8479062
77417639
83529586
36082429
14514804
19789294
17006157
11178902
32493647
56304605
24705126
50973651
17706373
13508182
34197952
92211391
14684125
