2574072036
99642673
36144455
37034483
1447949844
252018855
1072993274
1418662837
1176135546
2463320202
2342050278
2462787336
425650169
78941611
75237089
165506153
2289147164
1324334436
1346439824
1910442534
32843303
372844002
77732185
2183816041
71201743
143257853
371730289
1391932442
33464913
1251083774
204832963
40003120
92708272
292765961
17381587
1097229883
17482727
50393960
405427035
259843963
256495314
14372104
18839785
471741741
19224439
68977380
164213375
14201574
87484569
143766231
36327407
138822469
23754854
223036166
219617448
21742517
82126112
19176739
40885516
145125358
135421739
131471516
83529586
123255714
19329136
67712707
101695592
118024094
57107167
6017542
20609518
17112843
70179948
55105581
113419517
113352671
16010744
41814169
37168231
97865628
86254626
52339151
69181624
101311381
87170183
19697188
34197952
60549500
21551205
18898745
15300300
41898533
9534522
75714954
19895282
23061619
13507832
19409179
46704429
56304605
43568964
5988062
28350927
19397785
813286
18681139
57928790
40400019
17004618
5120691
2884771
36412963
14293310
19740592
428333
24705126
19929890
41094453
19333650
18798100
