16
53
291
292
295
380
418
448
456
586
591
607
885
989
997
1102
1153
1192
1378
1495
1541
1585
1952
1966
1972
1973
2112
2391
2397
2426
2468
2565
2654
2781
3471
3475
3634
3839
4974
5358
5471
5618
5702
6050
6325
6378
7095
8291
8943
9093
9265
10178
10202
10233
10367
10396
10737
10822
11113
11222
11364
11770
11969
12350
12514
12528
12916
13029
13116
13198
13341
13349
13479
14733
15913
18713
19853
23553
26853
34663
36823
40273
42373
44423
46063
48903
50193
51943
54483
56123
56333
56653
57203
59213
61233
62653
69893
72403
74523
76823
76883
79543
82243
97933
169893
214473
264213
354103
412423
610873
612473
615723
621533
621713
631453
632173
632343
635543
662323
668473
676063
678953
685513
691353
696193
703953
711303
724473
730823
735983
738933
740983
742143
743763
744463
745273
754747
754978
755756
755923
756110
757237
759251
764123
765548
767043
767396
770550
770729
771619
775861
778057
781293
783214
784555
785595
788051
788673
788994
791124
794329
794340
797206
797515
799722
804654
804863
805280
806975
807095
807244
811027
811350
812804
814253
814307
815774
816214
816642
816653
816830
817970
818489
819606
819800
819999
820694
821962
822722
822966
823098
828991
833071
839891
848901
862481
862681
862771
893211
900421
914061
918711
937421
951541
965651
972651
992151
994971
1000591
1039361
1048651
1071231
1076261
1098891
1129701
1132291
1137701
1140451
1159251
1190051
1228181
1237411
1255151
1260941
1270191
1272021
1308181
1315431
1327391
1371791
1374411
1378711
1401881
1428461
1462161
1484611
1524841
1532061
1538131
1586501
1628691
1652541
1702731
1724371
1734381
1753061
1835951
1899161
1917731
1947301
1965681
1980081
1980621
1997551
2023661
2119941
2150981
2195241
2220021
2241221
2315861
2316691
2349251
2356581
2363571
2383591
2384071
2425231
2445431
2467791
2510591
2622731
2673341
2729061
2730791
2735591
2776801
2787551
2884771
2893971
2913411
3002361
3004231
3038501
3080761
3364401
3373791
3379031
3416421
3496641
3533231
3656711
3661961
3668951
3713811
3714971
3950621
4084791
4126501
4155211
4192041
4215921
4266261
4278201
4322111
4322971
4380591
4416901
4458791
4503491
4608961
4641021
4767131
4924331
4934171
4939401
4970411
5023711
5025251
5120691
5248441
5251831
5252591
5357812
5391342
5402612
5408622
5409012
5417132
5446532
5461062
5477342
5554222
5568882
5621272
5653432
5656402
5663062
5665472
5668942
5691122
5695942
5732432
5746452
5759352
5763262
5768872
5827392
5845492
5856962
5860692
5871672
5882802
5904922
5935792
5943622
5965332
5968272
5989492
5992982
6017452
6017542
6034262
6036422
6070762
6073022
6114122
6117302
6120472
6123762
6132422
6141832
6186392
6190542
6194262
6210962
6211972
6324592
6344912
6367962
6398152
6431582
6473162
6476742
6480652
6480682
6489102
6493362
6513952
6535212
6566502
6578252
6628662
6629912
6705042
6729142
6794482
6809452
6816282
6827332
6876902
6909872
6987882
6989452
7076492
7095472
7102192
7109592
7112242
7144422
7199762
7210402
7212272
7215812
7228682
7234632
7251502
7261882
7334402
7339142
7370332
7386292
7429102
7433772
7517052
7528292
7592642
7608932
7633852
7640782
7694352
7713202
7745472
7766912
7771632
7813692
7823462
7845362
7861842
7884282
7901872
7905122
7905802
7925822
7946092
7954422
7970842
7985892
8016772
8060932
8064682
8071902
8095292
8114422
8117362
8161232
8181322
8215672
8250252
8285392
8295072
8332612
8362412
8391722
8430612
8447542
8479062
8528402
8596022
8669882
8698862
8708232
8736882
8783002
8785632
8805142
8821412
8834252
8952112
8962882
8963722
9016622
9067522
9111432
9155732
9202882
9207632
9215452
9245812
9248492
9274492
9295212
9300262
9313022
9324442
9345162
9348562
9354952
9366702
9404762
9455682
9496932
9499402
9508922
9534522
9558532
9672342
9707072
9729502
9734372
9831152
9896832
9898542
9909452
9928102
9943312
9946842
9952152
9967462
9985802
9991202
10016442
10029732
10045192
10057582
10064382
10069172
10073012
10194392
10211472
10228272
10245552
10249752
10268122
10269092
10324882
10333202
10355572
10414222
10417782
10438082
10439732
10728152
10795912
10810102
10822612
10833892
10950722
10977192
10984852
10998012
11011792
11018972
11062352
11086372
11094232
11102352
11107172
11154832
11164402
11167182
11187082
11190412
11213082
11263572
11331862
11333532
11340982
11347122
11348282
11362622
11374332
11417802
11425292
11441582
11450112
11530262
11564692
11602652
11635902
11686132
11695892
11757522
11774642
11779412
11803702
11840852
11856142
11871482
11881992
11891512
11915432
11991142
12029502
12034642
12044602
12050202
12093282
12101862
12131132
12152152
12185672
12254222
12255212
12310562
12313032
12371852
12439842
12454882
12460982
12480582
12511062
12513472
12582472
12625872
12651592
12759692
12945002
12962882
12974082
13057142
13058772
13082862
13138332
13206842
13209522
13215132
13248622
13274482
13306192
13342982
13357842
13370272
13396002
13397202
13404292
13418072
13424632
13457722
13459402
13475382
13475802
13494812
13508182
13521702
13547812
13553742
13589822
13610292
13616942
13634322
13652832
13654112
13666112
13669452
13690692
13719562
13745442
13749772
13766492
13784322
13824212
13856652
13881572
13920962
13946232
13949232
13992132
14006252
14019992
14051115
14054023
14059249
14066120
14070830
14072047
14072706
14075928
14076943
14078808
14079425
14082833
14086866
14087270
14089830
14093432
14099695
14104938
14106080
14107067
14112679
14113798
14114403
14115719
14118292
14119114
14120151
14120922
14124984
14125494
14125938
14128992
14130831
14131683
14135545
14137889
14138167
14140460
14149971
14154581
14159158
14162012
14173315
14175873
14181135
14188895
14191254
14191945
14196449
14197617
14197636
14198853
14200246
14200610
14201680
14202711
14203393
14203885
14204007
14208365
14209307
14210524
14211617
14213195
14214634
14216123
14220444
14223643
14224719
14226090
14226981
14227370
14228875
14235693
14240056
14243746
14246001
14248451
14261044
14261149
14271976
14272119
14274132
14274428
14277764
14281627
14282169
14289788
14297652
14300638
14303497
14307043
14311334
14311612
14311939
14313712
14314467
14322276
14323985
14325717
14327849
14335144
14340878
14347450
14348594
14349786
14349869
14352372
14352977
14353553
14360602
14363244
14364049
14365791
14366969
14369310
14389132
14389885
14395912
14400622
14401286
14401550
14404508
14405191
14413498
14413529
14413715
14414257
14416890
14416959
14417794
14418460
14418767
14430060
14432003
14432550
14433293
14435478
14439168
14440999
14445617
14445650
14451294
14458722
14460636
14467074
14467906
14471987
14472038
14473989
14481475
14485018
14486811
14491296
14492964
14498082
14506539
14506701
14507215
14511951
14514804
14517930
14520441
14523417
14530191
14531977
14553715
14557257
14562275
14563253
14566429
14568222
14573183
14573215
14579415
14579911
14580046
14586462
14588662
14591604
14600116
14606520
14616784
14618863
14622436
14627463
14627653
14632998
14634144
14641392
14646481
14652452
14661313
14672778
14674373
14677225
14677497
14681605
14684125
14687193
14687806
14689777
14690850
14692117
14692805
14697486
14700117
14701580
14701916
14708602
14718945
14725110
14726688
14728782
14729674
14734883
14739266
14745164
14748973
14754472
14755668
14756306
14757065
14760750
14761795
14764622
14767730
14773089
14774895
14776527
14779563
14780379
14786473
14787952
14788633
14808307
14810827
14817649
14818658
14820604
14820608
14824849
14826124
14830593
14831419
14837079
14839109
14840041
14844938
14857801
14860302
14860650
14865439
14870804
14882900
14888945
14889248
14889460
14891755
14899376
14911721
14913914
14916964
14917820
14918367
14923177
14923485
14941406
14946076
14951010
14951978
14953952
14958607
14965404
14978786
14989546
15007149
15008130
15014203
15016162
15031450
15044479
15044593
15053834
15070672
15073059
15076053
15086936
15087011
15093212
15095464
15099695
15100622
15105039
15106517
15108422
15110357
15126100
15127641
15129265
15130732
15143478
15148807
15155662
15156591
15158441
15158464
15162193
15163466
15164565
15169176
15174079
15175368
15176909
15179424
15187403
15197321
15199808
15203873
15205271
15211669
15216569
15222197
15227791
15233342
15244481
15245623
15253147
15255602
15255795
15260082
15269964
15278735
15279688
15285012
15287818
15293750
15305831
15307415
15308469
15308679
15320887
15325768
15329554
15333047
15338256
15339921
15341579
15349225
15350382
15355175
15355926
15369355
15370304
15379199
15386597
15391102
15399743
15400136
15400294
15403079
15405421
15406438
15416485
15431253
15431856
15433144
15438018
15438913
15440049
15445311
15446531
15446757
15446918
15450996
15452859
15453770
15462767
15466615
15467229
15469101
15473413
15473958
15491330
15492791
15493351
15496868
15508743
15510756
15512975
15513604
15513899
15519430
15526110
15526523
15536471
15538313
15554127
15554922
15555237
15562456
15567259
15588657
15592608
15595832
15597047
15607632
15634645
15642485
15659808
15662622
15663648
15670515
15670529
15671794
15673209
15675955
15684121
15685761
15693493
15695513
15715971
15725330
15728161
15743570
15745368
15748110
15749983
15752235
15754344
15758034
15760641
15762708
15762819
15764490
15766082
15773308
15776193
15787718
15789023
15790385
15808253
15811314
15814036
15818962
15821563
15825334
15827269
15831519
15838610
15842558
15846407
15851042
15851201
15855171
15861944
15865878
15870058
15875921
15881566
15883802
15889970
15894470
15895441
15900257
15903746
15905148
15919593
15921173
15932477
15934340
15936752
15943484
15945900
15946540
15949042
15949253
15953625
15956067
15956519
15958265
15960664
15962096
15965192
15977875
15980503
15989069
15994435
16001827
16005828
16007812
16008055
16012783
16018805
16019122
16024752
16025288
16027206
16039806
16045527
16081782
16082844
16084841
16093478
16094516
16099291
16099856
16100989
16101479
16109501
16124187
16139971
16146688
16148737
16150075
16156062
16156755
16175706
16180559
16180702
16184792
16199322
16200080
16208662
16213093
16219226
16220168
16225240
16228611
16229600
16235375
16237067
16254711
16264803
16269042
16270580
16274641
16291171
16294267
16297233
16299754
16303748
16311661
16313992
16317694
16326882
16331010
16331149
16332696
16334387
16337397
16337846
16343974
16347964
16352123
16356796
16361902
16362006
16365251
16368889
16382539
16385353
16388470
16388797
16390087
16390926
16399949
16407251
16412744
16413025
16425453
16425775
16425793
16427565
16438248
16438959
16441575
16444376
16450235
16453267
16455755
16461246
16465359
16471273
16485058
16489986
16507391
16516037
16536624
16539957
16562213
16575847
16578657
16581327
16581604
16594871
16597921
16600681
16610109
16612305
16613183
16619994
16635362
16635956
16643805
16653445
16657274
16664830
16665684
16679934
16682027
16685763
16689061
16694274
16698419
16703058
16705063
16706976
16710907
16727535
16732982
16741180
16742806
16745015
16793477
16803000
16803227
16810508
16812287
16817883
16819278
16826299
16826788
16828819
16834494
16841687
16849086
16866902
16875185
16876362
16877454
16884210
16890791
16892481
16896485
16901108
16903653
16906137
16906470
16908659
16910252
16916799
16925486
16927719
16942956
16943339
16945823
16951279
16955991
16956020
16959719
16966928
16967612
16970099
16973333
16983244
16985214
16987571
16995002
17002290
17006157
17008780
17027184
17041719
17051560
17062849
17075185
17078632
17080369
17093617
17108137
17125553
17132768
17152685
17189892
17191306
17194090
17194296
17206150
17208763
17211291
17215752
17220934
17229595
17235959
17236539
17239667
17243582
17247796
17249208
17259640
17261311
17266725
17282188
17286279
17293897
17297668
17302658
17304329
17304367
17329285
17331549
17341395
17344226
17372386
17374092
17389501
17394761
17400407
17425670
17433151
17440232
17442710
17465796
17468481
17469567
17471979
17472883
17482727
17490866
17500821
17504672
17508918
17509428
17510210
17512276
17513245
17535271
17537467
17546747
17554456
17558832
17567533
17569478
17573295
17579148
17579446
17582617
17583639
17585125
17587172
17588274
17590815
17595439
17596608
17601922
17616019
17617687
17629860
17647075
17652196
17654134
17654635
17657037
17657862
17658786
17659982
17662681
17673635
17674302
17675016
17678265
17678288
17678919
17682538
17684734
17685964
17690534
17690904
17691072
17696845
17698600
17698956
17703545
17703651
17705856
17706294
17706373
17707863
17711814
17714273
17715247
17717799
17728286
17728812
17730464
17732037
17735875
17736666
17736694
17739918
17740429
17743281
17749741
17751229
17761983
17762448
17767011
17773946
17798031
17801505
17806766
17808932
17813980
17828498
17833557
17835397
17836026
17837248
17840855
17842366
17850606
17856367
17860936
17865488
17865524
17865713
17874544
17878960
17879681
17895022
17900421
17904829
17904983
17912168
17913753
17914570
17927796
17937393
17940246
17945582
17945904
17946417
17957392
17972104
17977475
17978626
17983583
17984594
17986699
17987707
17991281
18016782
18026048
18042278
18049496
18056188
18058741
18069940
18076957
18080822
18083545
18083797
18089163
18089654
18098930
18103141
18125335
18136711
18159548
18159833
18185582
18200097
18201808
18204430
18205527
18206161
18209666
18210270
18211851
18215980
18218523
18228495
18231536
18246611
18247249
18248037
18249212
18258178
18259310
18260121
18267655
18276100
18295287
18295455
18327007
18327902
18329941
18332190
18337283
18337743
18344263
18356816
18358458
18367054
18368634
18373968
18388325
18402047
18403718
18416271
18424289
18431930
18435913
18437044
18444298
18452469
18453278
18481463
18483651
18484483
18486031
18496432
18510341
18514250
18526835
18536322
18536826
18537964
18538564
18539631
18547863
18548778
18553595
18560967
18565158
18572616
18576537
18602702
18606767
18622869
18628912
18634085
18635843
18639738
18645812
18656190
18667578
18669007
18684662
18692009
18704641
18706957
18710031
18710293
18719434
18720595
18722095
18749271
18753552
18760460
18773467
18791763
18792168
18794008
18794329
18798100
18804691
18809614
18812301
18812572
18816166
18822966
18837791
18861574
18862968
18868380
18896081
18898745
18931466
18932164
18939092
18948541
18949452
18957918
18958993
18972148
18988192
18988352
18989209
18994661
18997933
19011374
19016421
19018183
19029915
19031819
19037086
19039361
19042466
19046875
19048610
19056797
19063603
19063711
19071377
19073140
19077924
19083755
19093157
19100459
19116515
19122991
19128073
19132985
19156565
19164954
19173391
19175936
19176739
19180222
19192227
19192999
19216162
19224439
19234217
19240123
19243089
19276573
19278408
19281401
19304949
19305157
19313770
19313995
19336537
19340436
19362341
19370519
19378833
19389921
19393128
19394186
19394188
19400197
19403796
19406070
19409179
19410300
19418583
19430456
19430520
19430865
19436496
19441756
19443612
19460869
19463443
19472876
19473396
19478790
19511205
19530624
19546362
19566514
19571395
19575406
19580139
19584103
19586325
19593016
19596687
19600853
19602067
19606528
19642916
19646479
19677461
19693432
19695967
19697188
19699761
19717934
19720747
19722029
19722699
19757988
19766409
19771898
19822465
19826509
19851282
19861550
19865733
19868105
19885129
19894933
19897138
19905542
19907538
19908394
19916488
19920201
19921353
19933480
19962738
19981733
19985195
19994494
19995370
19995471
19996051
19996731
20001647
20004721
20015311
20065936
20066438
20073166
20074976
20086998
20088765
20092562
20095125
20098015
20112764
20123288
20123671
20126364
20128590
20151189
20151735
20151889
20155063
20156224
20164597
20167139
20172648
20200860
20208083
20219117
20220682
20259706
20263560
20301302
20322274
20329819
20339060
20348377
20355109
20373236
20380852
20402945
20404983
20419501
20424024
20427494
20443041
20449410
20454964
20463290
20465327
20480549
20485525
20487685
20491941
20498016
20511299
20515090
20526449
20528353
20531146
20536103
20551702
20562637
20563087
20566418
20568189
20570290
20570461
20575042
20584782
20611931
20618879
20655586
20658808
20665651
20691901
20696806
20717826
20733650
20739510
20768539
20771519
20776322
20779255
20786796
20823928
20825921
20832113
20841923
20844327
20850940
20859476
20870349
20883966
20884310
20890435
20906188
20907214
20924012
20928137
20945702
20951221
20977778
20989830
21023146
21035409
21063257
21064217
21066583
21069075
21101351
21124839
21126842
21138978
21177821
21179543
21181885
21186231
21193298
21200445
21201733
21207462
21230227
21237512
21256619
21266648
21268553
21279340
21296679
21296979
21298054
21307751
21314967
21323268
21323607
21328706
21360924
21394651
21395825
21408397
21426452
21447512
21449516
21503594
21510643
21533921
21536408
21540725
21543628
21547756
21551205
21556071
21576543
21588226
21643419
21643829
21645209
21651160
21651332
21651956
21665306
21668515
21690101
21715029
21742517
21764186
21823932
21844920
21858190
21939131
21959061
21982720
21985976
21995200
22001973
22084427
22086160
22091828
22105018
22115818
22129677
22135629
22135994
22152046
22161956
22179561
22207520
22235412
22239703
22273667
22315431
22333927
22336717
22336854
22342567
22363802
22409377
22410301
22461427
22477940
22482045
22491454
22495896
22518134
22551856
22558185
22581359
22587536
22587869
22590505
22598364
22598822
22669175
22692826
22697351
22711764
22729305
22733268
22747624
22753350
22757459
22763833
22771488
22776526
22781840
22797240
22803302
22849311
22852473
22858466
22868095
22872572
22884986
22906929
22937232
22940219
22943839
22951966
22974539
22984928
23052167
23055689
23061619
23066267
23074316
23092216
23095574
23117376
23129237
23155102
23172038
23188316
23207136
23224410
23249204
23284990
23291925
23292182
23298170
23350990
23381636
23381835
23393630
23400537
23409407
23462579
23466918
23488779
23497231
23502302
23503181
23504870
23526066
23544596
23560475
23563077
23568949
23578782
23583384
23586955
23601374
23611302
23612009
23641081
23652308
23664028
23693140
23720063
23723940
23745072
23754854
23760629
23763445
23769298
23776042
23827692
23870788
23889596
23894317
23915100
23928170
23930272
23962323
23969249
24009247
24013670
24021896
24034743
24041126
24047224
24047251
24051225
24059402
24107523
24110876
24139516
24194609
24205565
24208754
24223641
24232358
24250884
24289203
24302039
24303087
24338525
24343083
24406659
24414793
24425906
24430413
24447643
24466294
24467682
24469441
24486317
24509594
24523440
24537963
24550621
24644495
24652687
24668049
24671836
24674159
24685056
24716549
24727891
24751152
24752404
24789603
24802642
24816382
24817065
24854898
24855741
24885558
24889586
24939840
24941044
24964249
24979017
25017367
25039454
25040734
25044100
25045354
25047662
25053299
25082055
25095050
25106021
25113550
25116435
25122135
25143680
25156152
25183968
25206461
25240428
25256154
25269706
25295123
25300858
25333609
25333958
25337008
25338663
25361381
25393674
25429629
25441644
25443965
25458508
25471452
25485344
25489250
25490504
25491788
25508357
25514453
25518625
25521550
25539759
25546185
25555295
25599803
25602409
25628754
25646493
25658064
25658247
25709609
25712026
25717646
25726206
25728720
25763891
25778130
25841306
25860752
25878195
25963647
25966181
25978675
25990496
25996052
26003471
26009199
26017086
26043851
26052862
26101414
26114441
26127836
26165741
26176814
26192743
26198924
26203847
26212315
26230145
26230244
26327104
26369932
26408836
26442842
26502810
26534739
26548128
26556899
26563593
26566469
26611622
26637348
26642006
26682375
26722868
26744267
26748368
26755750
26759984
26776649
26782154
26783498
26828006
26839944
26871300
26894723
26906811
26907363
26960607
26963391
26971695
26977583
26986888
26989620
26994836
27013347
27039287
27046692
27093184
27117306
27202385
27239648
27250894
27262835
27266293
27319667
27355823
27381623
27401667
27407881
27450176
27457788
27473499
27549939
27599684
27601238
27656162
27665615
27692165
27805007
27814665
27815263
27847443
27860681
27921752
27922586
27941496
27959543
27960719
28017255
28049003
28075840
28095595
28099619
28121598
28140646
28142579
28145621
28164389
28168846
28213516
28230113
28234207
28262849
28308685
28308775
28314327
28350927
28359405
28378302
28391825
28396418
28427374
28435494
28520903
28534252
28562910
28563472
28567080
28580422
28582680
28609814
28613482
28632371
28644174
28649734
28742367
28751147
28756315
28760837
28784092
28800934
28848414
28871355
28875486
28880412
28888486
28959947
28961865
28973162
28985686
28987977
29005137
29130296
29146126
29173795
29174664
29180679
29187734
29190844
29260997
29265181
29368590
29374895
29382965
29390938
29391063
29391552
29395401
29398579
29439672
29456137
29470720
29476717
29500600
29508713
29508857
29645492
29685225
29738985
29739553
29763551
29811623
29944407
29947296
30029450
30044322
30047168
30059550
30109507
30175084
30187802
30190043
30230693
30268257
30279310
30407493
30414559
30417501
30430455
30631881
30637469
30670084
30700107
30707312
30722743
30723527
30809904
30820751
30822016
30825971
30829649
30863492
30880281
30924423
30924802
30935566
31005278
31013562
31057157
31077195
31080039
31103923
31119205
31123350
31137047
31141090
31152881
31173665
31178973
31226563
31240434
31348594
31351262
31365776
31377750
31389200
31399326
31409036
31424124
31632905
31692675
31697820
31758240
31858910
31894188
31988249
32041603
32047509
32210663
32325104
32351706
32391572
32423136
32428703
32464541
32468301
32559327
32716431
32718488
32735740
32766557
32818317
32831617
32843303
32896052
32932401
32958370
32958676
33079195
33150283
33170847
33194672
33230622
33235771
33241678
33342154
33382564
33388399
33464913
33478231
33549200
33549978
33564670
33584794
33617046
33696409
33727596
33799178
33853188
33853972
33922954
33933259
34046228
34080819
34131007
34141121
34208984
34222877
34244489
34251170
34278813
34344687
34351681
34409839
34513794
34551702
34556758
34592271
34601910
34613288
34713362
34732828
34827948
34889807
34892931
34906849
34963808
35002876
35027931
35089753
35150939
35154507
35202312
35222128
35318486
35440351
35442954
35484772
35531175
35671587
35701040
35723019
35745089
35753626
35773039
35836792
35847665
35927341
35978414
36013853
36022986
36023633
36047098
36052760
36070075
36082429
36093693
36118538
36144455
36190762
36222585
36233474
36292743
36297888
36316187
36327407
36338334
36355591
36357026
36412963
36448386
36613629
36620861
36641633
36645296
36664838
36740477
36892884
37020028
37089433
37165369
37168231
37179759
37207396
37252894
37254947
37388390
37529450
37570179
37589601
37599351
37677496
37715809
37730793
37786203
37809399
37862710
37872206
37877645
37882420
37884910
37903908
37917418
37918505
37918511
37961036
37972213
37982101
37985888
38021678
38027718
38042898
38103175
38130484
38173651
38186442
38212537
38218123
38221627
38296850
38337010
38338382
38368621
38393426
38432016
38435706
38457126
38475798
38536306
38566990
38610390
38617902
38624666
38627806
38630618
38647512
38650152
38659143
38661293
38716096
38800236
38811462
38824552
38854434
38856791
38925280
38985057
39008466
39033015
39096927
39166602
39172055
39202190
39227308
39302767
39318234
39391275
39419609
39463701
39470589
39498915
39523524
39541385
39561944
39621239
39648696
39651945
39653591
39698381
39710341
39729573
39817648
39987593
40003120
40015402
40044280
40112008
40180002
40194420
40224563
40235880
40309057
40322623
40420300
40422910
40441106
40506540
40520292
40635365
40720260
40814171
40867052
40876040
40884854
40885516
40959553
40971936
41064301
41072125
41078680
41097723
41101290
41330638
41364508
41461475
41466372
41466630
41479730
41485392
41538783
41545005
41547349
41552881
41606534
41610631
41814169
41821428
41832069
41898533
42018126
42043572
42061321
42072664
42173023
42182825
42187248
42220353
42228666
42350663
42372973
42392606
42446311
42573217
42581523
42583318
42680445
42680682
42823484
42826771
42831219
42837437
42867573
42871117
42894332
42975108
43017766
43090769
43113310
43212794
43254421
43273729
43301621
43313304
43314813
43320623
43336368
43390370
43423483
43519872
43522180
43569956
43579706
43694024
43702823
43729784
43855487
43860827
43861191
43863664
43864286
43864767
43883624
43889865
43894478
43922300
43963184
44044794
44084893
44092347
44104304
44123487
44141292
44196397
44200758
44282335
44292587
44299825
44314192
44314816
44327014
44335525
44335529
44353233
44396229
44403005
44433211
44565895
44573027
44585109
44588485
44593541
44597179
44599982
44635677
44667113
44693532
44765156
44822449
44831071
44865927
44871724
44876207
44915281
44991290
45025729
45060392
45075446
45090905
45097883
45101477
45103737
45150426
45161002
45184617
45265976
45280863
45293365
45295765
45353470
45358499
45452226
45509401
45528052
45530973
45546026
45547903
45552172
45585366
45592970
45681306
45764940
45781300
45785002
45805012
45814013
45828349
46003744
46035907
46073276
46106865
46156890
46165612
46257156
46376581
46398762
46436729
46440103
46481538
46555048
46593623
46611706
46618984
46628867
46631906
46638111
46704429
46839580
46844964
46861140
46887720
46959157
47014698
47032649
47037418
47080299
47117219
47137923
47181196
47271185
47292154
47296423
47361606
47453319
47548822
47571031
47652034
47685065
47694347
47707532
47740130
47742585
47753886
47765538
47793869
47813521
47840951
47856457
47860234
47874669
47884124
47899356
47904098
47955617
47995732
48007306
48192155
48231808
48315849
48337448
48431093
48442572
48537997
48559499
48642732
48653556
48656673
48658034
48660857
48678128
48734361
48799712
48940193
48988376
49066471
49066656
49196717
49224286
49276666
49350186
49381095
49454978
49457533
49478990
49560768
49570157
49578370
49623238
49647184
49744183
49753604
49877768
49900276
49928921
50113969
50243043
50243741
50251259
50254941
50260259
50279201
50306637
50374439
50393960
50395378
50467846
50570785
50621764
50626388
50627926
50652598
50684862
50818610
50916766
50924832
50941565
50973651
51001368
51030211
51150814
51241574
51252741
51295753
51405956
51416299
51437971
51518665
51541583
51729274
51755693
51923005
51959240
51968133
52065949
52090157
52092687
52171246
52176863
52237969
52322954
52332335
52351301
52357696
52365250
52368740
52369385
52422878
52627849
52628364
52703658
52734415
52998924
53009491
53126802
53153263
53256946
53357060
53414786
53416660
53433639
53445058
53493592
53533572
53555106
53602076
53640157
53645175
53719394
53880693
53882307
53919282
53921137
53989417
54054778
54148611
54155238
54185484
54200821
54225501
54297505
54311364
54464822
54470438
54482592
54612030
54682125
54730258
54840079
54850095
54854558
54902524
54918835
54953415
55043433
55085311
55157836
55164316
55176833
55197613
55251954
55325634
55388806
55492149
55561545
55630431
55710989
55755371
55806262
55808522
55814899
55862002
55882740
55928951
56016850
56016982
56026433
56029268
56097099
56259379
56265365
56295656
56333749
56399953
56446839
56501671
56625574
56631494
56657839
56665367
56680629
56685329
56688711
56701362
56715082
56765666
56932121
56932639
56934262
56949402
56965125
56968082
56991190
57084769
57207846
57239507
57252781
57264189
57271568
57271746
57294158
57303648
57324913
57356036
57374696
57551783
57561035
57578517
57601159
57602878
57633719
57842789
57882881
57906766
57921146
57928790
57951981
58140906
58166411
58173133
58228064
58241177
58243368
58359125
58396469
58415809
58444832
58550415
58560480
58567664
58643491
58715400
58726750
58755842
58771073
58777972
58897898
58992907
59051881
59103510
59112159
59135470
59145948
59157393
59163737
59164946
59352420
59469783
59502495
59513021
59531743
59537533
59692873
59724733
59736714
59790101
59830258
59952027
60016554
60063922
60133202
60247413
60290580
60312060
60502342
60549500
60551154
60607157
60622947
60723139
60832187
60854867
60923053
60935388
60959527
61008716
61103142
61126132
61137370
61167094
61277171
61368771
61409445
61430081
61458407
61525857
61560150
61594669
61690026
61706022
61716396
61740757
61755650
61767355
61846589
61973859
61977890
62024538
62072122
62101279
62308516
62438757
62443954
62507687
62576824
62610798
62710586
62721260
62834840
62879328
62883934
63386679
63415269
63449951
63452894
63461020
63514892
63567598
63701470
63706933
63796828
63839665
63959573
64002539
64049044
64119853
64160613
64338176
64339627
64361104
64464269
64488643
64503415
64647238
64744912
64968252
65172221
65187067
65307102
65372895
65417653
65420040
65466158
65473357
65480980
65581697
65590254
65599679
65642947
65645703
65659343
65833414
65851020
65875467
66075817
66111769
66159588
66309141
66319159
66347007
66350493
66366766
66369181
66369206
66460477
66515223
66612094
66640172
66653709
66656585
66670429
66671314
66695578
66780796
66997885
67092846
67168325
67235264
67237094
67275343
67283111
67337774
67377944
67556747
67558336
67602060
67802523
67877662
67883526
67920461
67946122
68044757
68164273
68386022
68392035
68399705
68471549
68638036
68646023
68660207
68739094
68837369
68921793
68926536
68950331
68998210
69181624
69250127
69251695
69397451
69426451
69501723
69538264
69541557
69541744
69766556
69771400
69816481
69914008
69916516
70045611
70064795
70076942
70110112
70111218
70132161
70133918
70416188
70445552
70478255
70605097
70614145
70633285
70650386
70652594
70720575
70902048
71016206
71180397
71201743
71256932
71261579
71380521
71473052
71482090
71602748
71744571
71767043
71832753
71862712
72023944
72097956
72125094
72208910
72209345
72403003
72456835
72497588
72539202
72680406
72745782
72791338
72801249
72806546
72827017
72840863
73013623
73053344
73121137
73124329
73234942
73334533
73338664
73407177
73414434
73431630
73449263
73463663
73509953
73635568
73683864
73686651
73704586
73774016
73922084
74001901
74096027
74105075
74129593
74130577
74163496
74209978
74286565
74516381
74541345
74594552
74661066
74762101
74763198
74805131
74832539
74932298
74937547
74939898
74964902
74977930
74987950
75019609
75035841
75051887
75079616
75193964
75196257
75220203
75226426
75237089
75246331
75259662
75318100
75336429
75461417
75528474
75535205
75544059
75549604
75559099
75581744
75591370
75704938
75739058
75759775
75771628
75783629
75816710
75854417
75961872
75968207
75968447
75968524
75977267
75988563
75989138
76025512
76134964
76229389
76267016
76294950
76305613
76383492
76410456
76455013
76558553
76609489
76682357
76812404
76837212
76876774
76882560
76918079
76962485
76980224
76997832
77193761
77206927
77222698
77285641
77324878
77339918
77417639
77477016
77509999
77714495
77732185
77739297
77951589
78225868
78235242
78240297
78242127
78280351
78287101
78299985
78389264
78516148
78526519
78599720
78625234
78789634
78864231
78941611
78979931
79036669
79064126
79100380
79120620
79145543
79402995
79448495
79537295
79540538
79569980
79660300
79733296
79844713
79945385
79966937
80107297
80185804
80202522
80251585
80263650
80273245
80318791
80331801
80361389
80516774
80596833
80626496
80779914
80814803
81111175
81124594
81236782
81299137
81335606
81341114
81386285
81678457
81804524
81882285
81939420
82017016
82022015
82044278
82058995
82090654
82119375
82120358
82130535
82140587
82556709
82611050
82652901
82716751
82793386
83080217
83186036
83365750
83462360
83496033
83522606
83653154
83663427
83665853
83748727
83773894
83791457
83792786
83808295
83867835
83883736
83914441
84014340
84017421
84056572
84077133
84093786
84111527
84133138
84231517
84249891
84252126
84276772
84286843
84505712
84528296
84620593
84623395
84667058
84744120
84769455
84849276
85024364
85056933
85293311
85758876
86106315
86177206
86213711
86254626
86282652
86302820
86422542
86455440
86491565
86663727
86683904
86734482
86867430
87059808
87118217
87148667
87170183
87174678
87403396
87420983
87440210
87595338
87818409
87877017
87902849
87942403
88144250
88221766
88278355
88374854
88491645
88584713
88655143
88725170
88817916
88921712
88927039
89165675
89194172
89336577
89386253
89417423
89465917
89482819
89492277
89711994
89758253
89903345
89914379
90103311
90179901
90208407
90484508
90551388
90552683
90565865
90576639
90687780
90808665
90821118
91030094
91058553
91223700
91252195
91265467
91294913
91324935
91360577
91373612
91478624
91525942
91581445
91723395
91942071
92245322
92332298
92344998
92348148
92424604
92467032
92518755
92525197
92598909
92598942
92726549
92773212
92803260
92904612
92906057
92913722
93128895
93207700
93245274
93308392
93338705
93579404
93631373
93665089
93674071
93776220
93827443
93869605
93907104
94254468
94532626
94540116
94628304
94682674
94737233
94744244
94761188
94775494
94816809
94833341
95023423
95144455
95155095
95297724
95380006
95393214
95425326
95437288
95588504
95628356
95696558
96075917
96087281
96136510
96465718
96521389
96590577
96602213
96663576
96699988
96709645
96770886
96882203
96900937
96926625
97168046
97184013
97442036
97573483
97611573
97618213
97633212
97636698
97829840
97865628
97913899
98041179
98117148
98142216
98181654
98304197
98487931
98561160
98793847
98815583
98844280
98915886
98969077
98976495
99074409
99102137
99146895
99170597
99196793
99211591
99226083
99258475
99445501
99448420
99642673
99735551
99755728
99902560
99918503
99922138
100124693
100163403
100223507
100236593
100265528
100363256
100466059
100473878
100498093
100703301
100722499
100723022
100746868
100775570
100867966
100921527
100951746
100955967
101040698
101044849
101170402
101208950
101215084
101311381
101314413
101403862
101428855
101430218
101494182
101695592
101747171
101779040
101830996
101851654
102058620
102085594
102291808
102382667
102396025
102419947
102594253
102646919
102700680
102723858
102753005
102957248
103061572
103280349
103372755
103400987
103539813
103559605
103603559
103631968
103797665
103865125
103965250
103998751
104148676
104468316
104740065
104768123
104773387
105048951
105061245
105205979
105207569
105284185
105388833
105627165
105727035
105781904
105816524
105998402
106185357
106308661
106310615
106368132
106498703
106513394
106662970
106728983
106810439
106993974
107012281
107168854
107277118
107318424
107473819
107646921
107752106
107829317
107855819
108088376
108195355
108199846
108253263
108253319
108348577
108390812
108391251
108691306
108725613
108889775
108936259
108953425
109279484
109343596
109353785
109556793
109579523
109620160
109669677
109816851
109840953
109853283
110212963
110248969
110302086
110360770
110368925
110384744
110411821
110520327
110701087
110821538
110929302
111053385
111080167
111218588
111377475
111416258
111615736
111847485
111854692
111947492
112099774
112187109
112321356
112338871
112387795
112457929
112508240
112613863
112626912
112723185
112749098
112806694
112874216
112926701
113252339
113336648
113352671
113375138
113387923
113425681
113534528
113548018
113568312
113663377
113675380
113693399
113735425
113817115
113834253
113849736
113850440
113888852
113900748
113945245
113980882
114132739
114183107
114451681
114574588
114647658
114785416
114813714
114825105
114828557
114981133
115060948
115061939
115267193
115294008
115304519
115341081
115353781
115357621
115378178
115465399
115485051
115535038
115639547
115710058
115734106
116174755
116214155
116298895
116524405
116529568
116616836
116694828
116736740
116746970
116763916
116780099
116882728
116993018
117012523
117013227
117015636
117052405
117318639
117341432
117354441
117357898
117378840
117434065
117477749
117656670
117662694
117732057
117777690
117782900
117975479
118140570
118199605
118201804
118261224
118401061
118532645
118627707
118670079
118713481
118762432
118932175
118992866
118993678
119048275
119152210
119327640
119360445
119360684
119380023
119453199
119456978
119464969
119681723
119682365
119710421
119714092
119757401
119769483
119913627
120083025
120153772
120181792
120500211
120666070
120668520
120788460
120798921
120858491
120965579
121004773
121044171
121131508
121321885
121364614
121366894
121481948
121483664
121483683
121539516
122046636
122081203
122265439
122579206
122715967
122765125
122959195
123195519
123199473
123311912
123575653
123822668
123980626
124074001
124093583
124150495
124204931
124227622
124382464
124400170
124417754
124436459
124546469
124729909
124953456
125265643
125497063
125512325
125547081
125575337
125786481
125966728
126027490
126061363
126159625
126201790
126323991
126367204
126434587
126592284
126707919
126903716
126966274
127121446
127520582
127790650
127964538
128190776
128216887
128217529
128260991
128284920
128306211
128471845
128472974
128485050
128507121
128600158
128612767
128620022
128802901
128813083
128876666
128960879
129057534
129136520
129183929
129321232
129358581
130032077
130104041
130273820
130368147
130480020
130496882
130628277
130649891
130684893
130743819
130791949
130975450
131135665
131156409
131442654
131442917
131471516
131604135
131763362
131791334
131805814
131882980
131909897
132108890
132160442
132268766
132385468
132517082
132530646
132806820
132817648
132862866
132961448
133066204
133157911
133237057
133243390
133291003
133694919
133750292
133880286
133899037
133978888
134027438
134038665
134059205
134098085
134235202
134332645
134360151
134369482
134410015
134431904
134753128
134758540
134830913
134843143
135041102
135065396
135108603
135109677
135141703
135185193
135214544
135216912
135227064
135235691
135249573
135254024
135316691
135399738
135414635
135421739
135667538
135737654
135782269
135835480
136009610
136337303
136361303
136578510
136698272
136764609
136889439
136932734
137352909
137375429
137439667
137572845
137616033
137881904
138155559
138330579
138349057
138357146
138376017
138387125
138387944
138852395
138870097
139162440
139189823
139191351
139234794
139295703
139385992
139480715
139876086
139910545
140008167
140045236
140047339
140056694
140110804
140436665
140517610
140537933
140719649
140746060
140783134
140931564
141082346
141084952
141118941
141140823
141264512
141487925
141496671
141562074
141878775
141990916
142185437
142480748
142730813
142760893
143061425
143135628
143186270
143257853
143286228
143385884
143391990
143426568
143776014
143824760
144400550
144545072
144962271
145117480
145125358
145192054
145233925
145281573
145610422
145773567
145920951
146020049
146103690
146103849
146297807
146359507
146414919
146714531
146832501
147053142
147139743
147183176
147227256
147466817
147493686
147518224
147548165
147864545
147931936
148067703
148248527
148275530
148301101
148427358
149090469
149198901
149245718
149267275
149317195
149425179
149428941
149516743
149741178
149790863
149919832
150101881
150151712
150245684
150545192
150624490
150931204
150986578
151186509
151386994
151558221
151712545
151770273
152188583
152251488
152365374
152379033
152719505
152861454
152862026
152953257
152990879
153087575
153529716
153676337
153703098
153929488
154009144
154024292
154044154
154066815
154273845
154483697
154826321
154972888
155151279
155800643
155904242
156015853
156243399
156293644
156345039
156717998
156755429
156846549
157009365
157526840
157580899
157601911
157626928
157730313
158089836
158275442
158414847
158548992
158610287
158706110
158717906
158831935
158858484
158865339
159124891
159340328
159402539
159491022
159559367
159695505
159714480
159750513
159817180
159894847
160437954
160817572
160880868
160925953
161318053
161761501
161898294
161938401
162047084
162304163
162370183
163064944
163077574
163575164
163752397
163775048
163939556
163952496
164103265
164242095
164407514
164429981
164948955
165006055
165391600
165721692
166032508
166617624
166665752
166692856
166739404
166767883
166892842
167062995
167084162
167087326
167248606
167348022
167452533
167751947
167774846
168240973
168282552
168372591
168660089
169251561
169290311
169354425
170022202
170128643
170228244
170256753
170650350
170663966
170693534
170792499
170854061
171009315
171102859
171447676
171467534
171826185
171933250
171961403
172057857
172186399
172200176
172249339
172394297
172394716
172501485
172526142
173348723
173392503
173413459
173802789
173883542
173991090
174945477
175163085
175500549
175676191
175880915
176318365
176540776
176665617
176740420
176758255
176762226
177156614
177187090
177211481
177707651
177865192
178014249
178234264
178287820
178617657
178997867
179036286
179352922
179707847
180258182
180306960
180363451
180384098
180505807
180516047
180672601
180735832
180972975
181135181
181258578
181275886
181701500
181926187
182058671
182098737
183345596
183634093
184079701
184396317
184473999
184682279
185142711
185752781
185947193
186113747
186122171
186488607
187395013
187832841
188039706
188069904
188402805
188513041
188787131
188854661
188911050
188920049
189156652
190331210
190430315
191511134
191841042
192496596
192806262
193385076
193465688
193570988
193986339
194022170
194034337
194438600
194641299
194749495
195157066
195264385
195305588
195463549
195575801
195785570
196057495
196336073
197275276
197508779
197872089
198102660
198706982
198708011
198895341
198927050
199146543
199233142
199358767
199597160
199766003
199778791
200405440
200909869
201618999
201623662
201862183
202263051
202342468
202379372
202557350
202999809
203051084
203506585
203827751
204002663
204144236
204331975
204353811
204382148
204489416
204801358
204810206
204832963
205209287
205448899
205636824
206023502
206523117
207203113
207220739
207457144
207809313
207906489
208073965
209463426
210001531
210747880
210792232
210820477
211070676
211583400
211848704
211862143
212129844
212447933
212489633
212560938
212706291
213035380
213113598
213271770
213288408
213371433
213399256
213734587
213739836
214193358
214265791
214863186
215323165
215373412
215715175
215922507
215936249
216002972
216398865
216680056
216958914
217265385
217501860
217514102
217526629
217590197
217966809
218330710
218424520
218444761
218629760
218693225
218778335
218980894
219136121
219617448
220231082
221706395
221721206
221732306
221749428
221911360
221948535
222153527
222424603
222516693
222717086
222898254
223036166
223110908
223796444
223831644
224167729
224555899
224649412
225034337
225132271
225716838
226134775
226140741
226591200
226874391
227032547
227519814
227578578
227611430
227621571
227638401
228180034
228601139
228804877
228858090
229288627
229538585
229781073
229819878
230025585
230140702
230761971
230830440
230856076
231033118
231093264
231124462
231348555
231723415
232147947
232223075
232301758
232472888
232549583
232682267
233285129
233533968
233609124
233831171
233924133
234093591
234306659
234489024
234633180
234759082
234876038
235143020
235664324
235919295
236453099
237283855
237624474
237742285
237784492
237823849
238175365
238205888
238220521
238319766
238568212
238581169
239260132
239267224
239315308
239704979
240340019
240571436
240622568
240768575
241553581
241685513
241702622
242134499
242204358
242224295
242359437
242394505
242491658
242520128
242618658
242797999
242867688
243023355
243237206
243249906
243322909
243584516
243627457
243718890
243774035
244137876
244183434
244197661
244953643
245208137
245211202
245218929
245271690
245340786
245687754
246296202
246395295
246416643
246780416
247507699
247723476
247805537
248503296
248549872
248587067
248795646
249027226
249340848
249469549
249555510
249780666
250103509
250644770
250743601
250947897
251008339
251276599
251634768
251711981
252190118
252279354
252520656
252656576
252950114
253008146
253008765
253008829
253021333
253058011
253362295
253414390
253454293
253578873
253759960
253980249
254401770
254541750
254650629
255047320
255117773
255388236
255542009
255617445
255630275
256549906
256556724
256716248
257048400
257656837
257951182
258190311
258209192
258684352
258703448
258904582
258966546
259111114
259160185
259387161
259597063
259798883
259843963
260183169
260230248
260356078
260663757
260694114
260705412
260782440
260839582
261001666
261144369
261342880
262391125
262476027
262579736
262581688
262625092
263034281
263090427
263099844
263328147
264017239
264411702
264856221
265178794
265522709
265712904
266192063
266692057
266714730
267088951
267116307
267158021
267755156
268453755
268744122
268823408
268968085
269159534
269655988
269690347
269991632
270078718
270260104
270267744
270276360
270390714
270771330
270797700
271568834
271573557
271833830
272036270
272192060
272442200
272974932
273121006
273346362
273603872
273883415
274047157
274155601
274328258
274697954
274940372
274955383
275356709
276045435
276046505
276194638
276843648
277382418
277450472
277579105
277670756
278067783
278094769
278319055
278349375
278397217
278439227
278618530
278640333
279881128
280063547
280098725
280194291
280250274
280351198
280427530
280480698
280550691
280658984
280984963
281409681
281421492
281462108
281800967
281960849
282523635
282542539
283108742
283632721
284222474
284370078
284441324
284578421
285332860
285351920
285454134
285490638
285709236
286064020
286135762
286296233
286439882
286947210
287742921
287980956
288483197
288674541
289902730
290121569
290587368
290762832
290887260
291312586
291399405
291479160
291697863
291719030
291810252
292217459
292241128
292356812
292659175
292742583
292765961
292930678
292948891
293063175
293167919
293747712
294143900
294302833
294374354
294810167
294997711
295083379
295237671
295650204
295921452
296198193
296703786
296792658
296865893
297291886
297444842
297790369
297887170
297937421
298123951
298672849
298877629
299694695
299795015
300037730
300307207
300735398
300755895
301279499
301401641
301440887
301588157
301947713
302008823
302075890
302449111
302495120
302628007
302746520
302774525
303059786
303180016
303535030
303797922
304596131
304730655
304977752
305017941
305105499
305568472
305603067
305846554
306079246
306660004
306874014
307214153
307267830
307371075
307474312
307714723
307735419
307807275
308023215
308155020
308438628
308441779
308462961
308482070
309076673
309824558
310113161
310203550
310239584
310274638
310658472
310660918
310980375
311397912
311865894
311986813
312054247
312747565
312790865
313165404
313330980
313332313
313656975
313821336
314191549
315000945
315002750
315188786
315934293
316389142
316994994
317015936
317163879
317176953
317312072
317629632
317971322
318037670
318283848
318571154
319402060
320746576
320959649
321249992
321271477
321488082
321866313
322035528
322648913
324303244
324413428
324551775
324897050
326205563
326359913
326862166
327228116
327335223
327341328
327610464
327632730
328243230
328697687
328941811
329039770
329086595
329653477
329783589
331230200
332202244
332403767
333860192
334025516
334430754
334643337
334649628
335099279
335506162
335535886
335660433
335891957
335957195
335972576
336360794
336611577
337065278
337409391
337923578
338237494
338304891
338335247
338335964
338784337
338822602
338906109
338926598
339040963
339070429
339172099
339439341
339442834
339750414
339766012
339824133
340230013
340355664
341225188
341363220
342563336
342574531
342839261
343304868
343475667
344112628
344128331
344549413
344634424
344998694
345467913
345588852
346005284
346072615
346316391
347104230
347257032
347960907
348012737
348373714
348375714
348644988
348674113
348849391
348901729
348988523
349246196
349521174
349540312
349582662
349780195
350128848
350922801
351568421
352570175
353066754
353150002
354052671
354561438
354650675
356222043
356678123
357389251
357481385
357669663
357681155
357949785
358019924
358058518
358127438
358286171
358566293
358814014
359546371
359886377
360446904
360740077
361315016
361431618
361988832
362973399
363647771
363797725
363966431
364534938
364883571
365042466
365257172
365345639
365368911
365529664
365661337
365992167
365999217
366584207
367009282
367036910
367333161
367367929
367885911
368043682
368501311
368711188
368759853
368879595
370054593
370158112
370589204
370722453
370806299
371466021
371730289
372121097
372346211
372548499
372677761
372777571
372844002
373280952
373319976
373410448
373416209
374386549
374426657
374462701
374464262
374526155
375245154
375533951
376072494
376627530
376675937
376874819
377629109
378126181
378354201
378460963
378488306
379574009
380192326
380218611
381388161
381674024
381949397
381996403
382225640
382492485
382728892
383319182
383833721
384536058
384698071
385455919
386125232
387174430
387431860
387648689
388110361
388272261
388555493
389369675
389618622
390602999
390905408
391535853
391851344
392587811
392608775
392773603
393816042
393832734
393864772
393886034
394843629
394986531
395199498
395301502
395422637
395769742
396353031
398271367
398435409
398593054
399412477
399495114
400000860
400161804
400532473
400737107
401257368
401379973
401471773
401613868
402037925
402278202
402756377
403213984
403314004
403574325
403652691
403761570
404158121
404965276
405646166
405705870
407937081
408649181
409383011
410158554
410220327
410502552
411178171
412761520
413130016
413719764
413920507
414162737
414946220
415033739
415607046
415860281
416397821
416542960
417198087
417224567
419063923
419350212
419639256
419646694
420115184
420384716
420399855
420503585
421525199
423615378
425099134
425973946
426410849
426974777
428792888
429864309
430866983
431701527
431954667
433632421
434080966
434182355
435939903
435961579
436804039
437067955
437136024
438152067
439025462
440610548
442028192
442712793
442917941
444151435
444633346
444970866
446659342
448015318
448177947
448634500
450504440
450539646
450697476
451869617
451942535
452102835
452632192
452757717
452773784
453754343
453813370
453920815
454423088
454692246
454809841
454854684
456632863
457298429
458269836
458402939
458495966
458523840
458992712
459245625
459849561
459968785
460107839
460990776
462743010
463660576
464741818
466275373
466506913
466539381
466882955
467022771
468229219
468625663
468676987
468700440
469124812
469414538
471741741
471785278
473475947
474258865
474331447
477058668
477212953
477756438
480127470
480186212
480209264
480352017
480894837
481022055
481145204
481506909
483463552
483657883
483787467
484503065
484614247
485334226
485804319
486325684
486509249
486838950
487501096
488251621
488341452
488908367
489783673
490069899
490442018
491522215
492932337
493254901
494155509
495145422
496666789
497866364
499551798
499617885
499686010
501393140
502187154
504572308
505196587
505694805
505748969
507624767
507737963
508086493
510293096
511689342
511929716
512426013
512790586
512806607
514488542
514868195
515839443
516432453
517401347
518769410
518800127
520742374
520950522
521343490
522973696
523874663
523983016
524029083
524235256
524236568
524262813
526382615
526576151
527048544
527526077
527617447
528194476
528514106
528780915
529298636
529561675
529592265
531177590
532096052
533030076
533085085
533139119
533353706
533858357
536398403
536562583
537193539
538462634
540238177
540795776
541032557
541167356
542385412
543622226
544432536
544957482
545681633
546240953
548665632
550250082
550695332
551037177
551528689
552535245
552552233
553425141
553767994
554419375
555250967
556221882
556303732
556902009
557149613
557404569
557634860
557714234
557719049
558461947
561335546
562189730
562673957
563594694
563851464
564686965
564795350
565227796
565563822
565617744
567220018
568286242
568429323
568675187
568887983
569168530
571297251
571878474
572225652
572479258
572629667
573352418
573774603
573775332
574482933
575188047
576446553
576926367
577377400
578251361
579197401
581317083
581718773
581724476
581863684
582893544
583623149
583897542
583934982
584708358
586671909
586857455
587001550
587448016
587714983
588000376
588261604
588587397
589064114
589306356
590260286
593136617
594214985
594465165
595822244
596177884
597301440
598065083
598232506
598242424
598264766
598524600
598686429
599863933
601901527
602090698
602317143
602564154
603435179
604505311
604599560
605343895
606234460
607371105
608267058
609007971
609396490
610602159
610795031
611103970
611153975
612561109
613212519
614134623
614205773
615005597
615950034
617812352
620034505
620142261
620831158
622296074
622868850
624896628
625739552
626639419
627416185
628367601
628436278
628735456
629199222
629637437
630316834
631810714
632025102
632801245
635194861
635299387
635895185
636833903
700380065
700381477
700643845
701317279
701690220
703509751
704849137
706378819
706618208
706981297
707048490
707150870
707613799
707714036
711694309
714002394
714441019
714688470
719647730
722764758
723664320
723758125
724818308
725561880
726202963
730249603
730502304
731784150
732104258
734903784
737023158
738008988
740533250
741520723
743452002
744141234
745966986
754788456
757230012
761416190
763853540
764334150
764932045
769255603
773726504
775391100
775391719
775395708
777588374
783701101
785991084
786796010
786958314
789326809
789914864
793456104
796373731
797473536
798294925
801207002
802768088
805482121
809605182
816918619
819733675
819843415
822793009
825647924
827556157
828223824
829665337
836360738
837060726
837216727
837882918
839302008
839672526
839953086
840218617
841812452
843748292
843996018
846897578
847045608
848699666
849371304
851697456
854787998
859836973
860409380
860864791
861083240
862424204
862835702
864074406
865005462
874060404
874585766
885658440
885733974
886863361
887603792
894738326
895083654
896126702
896870154
899542855
901588886
902014790
902534288
903804668
907473012
908163200
910611002
914367092
915674340
918465679
921398586
923189442
926874356
926919980
927137894
927165908
930270762
931583942
932303468
936695288
937540782
938760691
941605544
942994381
945524874
945955056
946136460
950165300
950451474
954169346
955229336
957996558
958265798
961830409
967714742
967956776
971640678
981060806
986126976
988718094
989138972
989348833
1000578258
1005171211
1007747258
1008345470
1009191036
1020084901
1022240827
1024200846
1025796991
1026781075
1028833460
1031981696
1032206024
1034496061
1037923404
1044412662
1046299440
1052284897
1053453151
1058422668
1060578475
1061359813
1062448933
1062668172
1066159118
1069370515
1072189285
1072742528
1072993274
1073034271
1073676020
1087750424
1088334553
1091321556
1099124418
1106870210
1111282716
1112344789
1114952702
1115348904
1118931266
1132010306
1136199541
1136996138
1137914994
1147314048
1148102359
1150201302
1154869812
1156269420
1156439971
1159040786
1165206254
1165779128
1166558329
1167422569
1169065068
1170885648
1171348310
1176135546
1177540693
1183486656
1190993491
1191912552
1194250747
1196254680
1196623609
1200084612
1201051748
1202536410
1203643860
1208296477
1218688495
1220813748
1221479310
1226759953
1229478871
1229482075
1241851532
1242092648
1242286285
1244137812
1244185244
1249676186
1249693405
1254978090
1258626872
1258700684
1258998326
1259835336
1260876780
1262464981
1264164810
1265567461
1267138314
1282295036
1283341873
1283444592
1285200366
1288050427
1288658180
1292584489
1303437198
1304951840
1305940272
1313275004
1316811403
1317076194
1321902782
1324334436
1325807346
1328564232
1330441838
1331065159
1336459074
1342161517
1342273550
1351091941
1357994875
1364930179
1365252054
1366219417
1366247498
1366828746
1372189021
1372777230
1374334928
1375084674
1376389952
1376706541
1377337724
1388838691
1389154987
1390774560
1391932442
1394399438
1394420348
1395303662
1396148310
1397404376
1402698379
1404590618
1405220132
1408457989
1410488064
1418662837
1420768951
1428554432
1432761222
1434863119
1436275225
1437659089
1441339070
1442392040
1445647286
1450530446
1453331047
1453450476
1453853016
1460375371
1474427773
1481178403
1481794250
1487273125
1487905645
1489185156
1491018468
1492400330
1495654748
1500426494
1501046870
1501341163
1503129680
1505672120
1510279730
1510782132
1513504760
1516611338
1516624982
1516758181
1518692845
1525006626
1527147570
1533114240
1533143322
1537613095
1537752222
1542902203
1546101560
1548435690
1556692146
1562935142
1570981363
1571270053
1571684508
1571956418
1579422614
1587288001
1588390411
1595239633
1597497198
1602575034
1605692461
1608234229
1609656108
1611887712
1615306794
1620018457
1620959364
1627170415
1627279332
1630397047
1631998105
1633393651
1634678071
1638661795
1642669674
1650136422
1652711108
1657730988
1659436532
1660378782
1660468830
1661977700
1665436477
1666038950
1669849555
1670177401
1671848557
1672931462
1676314362
1678659668
1684981806
1688692525
1689419970
1690126932
1699565672
1699668781
1701843666
1706390917
1707281120
1710259712
1712771226
1713295410
1714625209
1715817108
1723309760
1726006819
1726013258
1726235702
1732696466
1839123367
1854379867
1856588299
1859257164
1862748870
1863011485
1864265072
1867816502
1869549973
1871022392
1871304199
1882599397
1883730090
1883810984
1885511365
1893579552
1894070293
1894273993
1896545976
1897514666
1900720267
1910442534
1913668759
1923320995
1923602274
1924175581
1940451163
1946442044
1951219477
1959164383
1963168392
1964021324
1964350244
1966507722
1967251075
1967551208
1971115092
1974470773
2148457439
2148878640
2150915989
2151277891
2152638601
2154479005
2156444485
2160363628
2160653996
2163039523
2164466999
2165560814
2168426982
2172338590
2173422170
2173760124
2174380836
2177130499
2182353464
2183816041
2184448194
2186159917
2188932618
2190650627
2193639037
2203285886
2203575505
2203596746
2205648590
2207233716
2207441006
2210476630
2211259492
2215591292
2221756317
2221866066
2222942810
2227013076
2227695199
2230173613
2233154425
2234342119
2234342274
2234457776
2236000400
2236850145
2237153665
2237652775
2238150685
2239729844
2241167263
2243447024
2244199602
2244432649
2245632025
2247080792
2250530515
2253142422
2254562618
2257343517
2257492393
2258459172
2258756071
2259256722
2261131154
2261424404
2265716623
2265803472
2266302493
2268651392
2268887923
2269199492
2271293785
2271391490
2275527404
2277197275
2277402223
2280144259
2285131891
2285187691
2285457982
2287906188
2289147164
2290044912
2290845108
2294469458
2294931450
2295058691
2296293109
2296634287
2299136910
2299689894
2302614769
2302710367
2302918872
2302983679
2304222938
2307765453
2309738484
2310870667
2311454407
2311557998
2312262702
2315222653
2315464056
2315809778
2315989790
2320539146
2321418476
2327493390
2329127093
2329487324
2329933554
2330705538
2335945427
2335973900
2336120055
2344909560
2347049341
2347246916
2348289657
2350503230
2351490487
2351522496
2355461263
2357716488
2358038202
2359926157
2360907098
2361310164
2365467499
2366986752
2372412990
2375873706
2378677153
2378710598
2381667174
2383466154
2383581937
2384144642
2386265317
2387187138
2387351060
2387891018
2388509310
2389461390
2389823918
2390865894
2392146853
2393888916
2394434370
2394745692
2395668313
2396687887
2397261559
2397312391
2397642349
2397694008
2400162678
2400320881
2401532316
2401682036
2402743202
2402972148
2406017762
2408018054
2408615534
2409017569
2409230946
2410995386
2413162297
2415762560
2416241569
2417232133
2417878124
2419763917
2420607607
2423611628
2425301702
2426115086
2426740836
2428265304
2429922728
2430988950
2432877426
2433790063
2434957435
2442946398
2447344837
2447774982
2449182559
2449951722
2449973029
2451677777
2453033559
2456749783
2460537530
2460819290
2462823146
2462895361
2463320202
2468788856
2468903978
2470587608
2471089760
2471649716
2472478988
2472908822
2473731968
2473965788
2475271610
2475509562
2475872178
2475922691
2476929487
2477223547
2477727704
2477874266
2478793269
2480121252
2481464671
2482361070
2484642932
2484666932
2484699578
2484739404
2484741306
2484743708
2484745154
2485886683
2486690018
2488525752
2489160937
2490020444
2492022433
2492166116
2492204862
2492233340
2492328054
2492367780
2492769038
2492780526
2492841942
2492860614
2492882017
2492891534
2492942953
2492996490
2493045811
2493888653
2493983725
2494279495
2494406071
2496001651
2497221938
2497789662
2497922221
2497962752
2498278730
2498345628
2498933299
2500052803
2500053457
2500059314
2500080577
2500093573
2500118653
2500175912
2500180700
2500223820
2500238514
2500328095
2500329223
2500371494
2500570621
2500613851
2500647290
2500731865
2501266722
2503480063
2503516916
2503759382
2504107926
2504185597
2504549652
2505786050
2507334012
2507841134
2508014100
2509549135
2511414534
2511426264
2511427826
2511455096
2511461978
2511466802
2511475429
2511478171
2511485671
2511488888
2511492746
2511498986
2511502681
2511506504
2511513361
2511541274
2511550520
2511557599
2511559255
2511576576
2511577152
2511585288
2511587059
2511592549
2511593648
2511600829
2511607519
2511613322
2511627085
2511627296
2511635959
2511654812
2511693049
2511917184
2511979410
2512173330
2512193222
2512202612
2512302685
2512319041
2512531819
2512541671
2512732765
2512749708
2512804914
2512827126
2512854745
2512898316
2512901436
2513460626
2513811746
2514564332
2514793982
2515452378
2516277307
2516379193
2517031356
2517044184
2517085962
2517107586
2517115542
2517386810
2517467611
2517498205
2517538434
2517612235
2517695466
2517765860
2517881154
2517892076
2518015262
2518539092
2518552694
2518558800
2518560672
2518566073
2518573910
2518585429
2518607473
2518761708
2518776020
2518782366
2518792106
2518793245
2518922227
2518951518
2518989049
2518996549
2519012162
2519041273
2519058805
2519103840
2519133498
2519154404
2519164566
2519170831
2519183720
2519191892
2519194273
2519232050
2519238812
2519240017
2519276366
2519289924
2519290675
2520032612
2520046530
2520074462
2520174626
2520218688
2520224142
2520270900
2520304519
2520362995
2520370718
2520379146
2520469748
2520474307
2520485239
2520509174
2520582260
2520592826
2520628338
2520642092
2520674412
2520809946
2520880518
2520926329
2520933326
2520946692
2520954542
2520975728
2521102712
2521113949
2521334784
2521429237
2521431499
2521437068
2521449445
2521555164
2521564086
2521581194
2521588200
2521606284
2521615316
2521683469
2521683511
2521705010
2521715617
2522022427
2524687111
2526293934
2528557452
2530080793
2530655700
2531395140
2532132494
2532355700
2532364016
2533054128
2533055840
2534310320
2534588565
2535254215
2535374846
2535657618
2538790620
2539228381
2540092495
2541168540
2541363451
2541673915
2541792450
2541793218
2541801128
2541803198
2541805788
2541817202
2541817729
2541819270
2541819846
2541820284
2541835614
2541845684
2541846128
2541846602
2541846691
2541848755
2541860677
2541861170
2541862466
2541863413
2541865362
2541880171
2541881346
2541881618
2541891986
2541892003
2541892405
2541892484
2541893558
2541897096
2541899220
2541906632
2541906812
2541907658
2541910244
2541918344
2541920869
2541921860
2541923101
2541924732
2541936739
2541937015
2541937453
2541950156
2541950179
2542002176
2542007628
2542014667
2542016149
2542027374
2542030603
2542030987
2542055016
2542056559
2542064048
2542077096
2542081231
2542101402
2542101618
2542101696
2542123014
2542134944
2542146494
2542152475
2542168910
2542264111
2542266367
2542288280
2542294878
2542345484
2542374042
2542400358
2542413463
2542457594
2542494403
2542495932
2542498237
2542511089
2542527278
2542527594
2542529989
2542549914
2542578042
2542610576
2542615345
2542666056
2542693285
2542693309
2542714238
2542718550
2542722258
2542744398
2542744442
2542746799
2542758684
2542766659
2542774453
2542832160
2542849531
2542884068
2542886125
2542902385
2542924206
2542925989
2542926338
2542937628
2542989608
2543085835
2543170208
2543187476
2543202211
2543250463
2543261540
2543288174
2543318995
2543383356
2543400224
2543457758
2543508234
2543515530
2543588426
2543674964
2543689075
2543711443
2543770183
2543828142
2543854075
2543927629
2543941410
2543949410
2544079237
2544106104
2544106296
2544119545
2544119905
2544193988
2544199668
2544233550
2544273192
2544285104
2544298040
2544316873
2544365444
2544424752
2544444378
2544454376
2544495631
2544518478
2544522709
2544529208
2544585390
2544638714
2544660314
2544678072
2544695016
2544778292
2544817434
2544856230
2544906193
2544909685
2544934687
2544961711
2545078159
2545170799
2545176708
2545189214
2545222524
2545225386
2545366284
2545445568
2545491174
2545517874
2545519850
2545533564
2545546579
2545556642
2545567352
2545702394
2545715498
2545856509
2545884650
2545974625
2546032296
2546061829
2546088342
2546117550
2546170664
2546206524
2546224392
2546244684
2546252624
2546260740
2546289811
2546296590
2546346204
2546371387
2546393534
2546441378
2546457294
2546469026
2546483755
2546631428
2546633310
2546646150
2546682360
2546687389
2546706324
2546721170
2546728610
2546734848
2546759857
2546786222
2546982895
2547014827
2547019248
2547019356
2547035234
2547039186
2547054152
2547063456
2547087578
2547089352
2547140414
2547149623
2547150397
2547241370
2547258487
2547322596
2547363242
2547370602
2547396349
2547401010
2547414330
2547471091
2547509947
2547520106
2547523333
2547523441
2547525894
2547539598
2547595933
2548330484
2548500242
2548542091
2549079206
2549225298
2551570946
2551903813
2552719214
2554552904
2555575560
2555599946
2556510018
2557731642
2557925970
2558396089
2558463823
2561115008
2562690211
2562746173
2563173078
2563406178
2563510152
2563590481
2563621549
2563831542
2564713260
2565032054
2565097974
2565116149
2566240712
2566627928
2566751184
2568485822
2568494671
2568551460
2569374206
2570179472
2570200224
2570725370
2571109380
2571619495
2572280875
2572295454
2572305847
2573054917
2573118266
2573333257
2573880420
2574072036
2574223086
2574232910
2574331346
2574555535
2574644473
2574799580
2574823665
2574900375
2576868014
2577819661
2577940748
2578255158
2578718432
2580267320
2580304238
2580415838
2580751796
2581537765
2581727425
2581754432
2581762561
2582086824
2582137705
2582250054
2582336198
2583530442
2583765714
2583904064
2585075478
2585484722
2585491789
2585530135
2585534755
2585940132
2586029202
2586263372
2586350714
2586378313
2586524699
2587022059
2587380631
2588084498
2588901936
2588907258
2588960012
2588963114
2588978886
2589041198
2589076302
2589091400
2589092905
2589118412
2589145824
2589166310
2589191364
2589197941
2589216138
2589244044
2589251528
2589303692
2589310531
2589413389
2589594372
2589606553
2589674058
2589722696
2589744661
2589813409
2589946634
2589996427
2590070755
2590080126
2590080607
2590092206
2590111214
2590179866
2590192856
2590209804
2590232467
2590246951
2590257456
2590319958
2590337474
2590353138
2590445348
2590445634
2590456345
2590490648
2590497655
2590501742
2590507987
2590518721
2590529881
2590578606
2590583762
2590863079
2591106134
2591219712
2591465550
2591526084
2591564161
2591577565
2591579870
2591717220
2591733842
2591748128
2591786216
2591845207
2591847336
2591879376
2591970133
2591985607
2592674398
2593108986
2593275822
2593586953
2594269142
2594425332
2594611099
2594865769
2595114241
2595166644
2596719374
2597413135
2597666894
2597688782
2597698680
2597776568
2598239449
2598310783
2599709760
2599832702
2600094786
2600996166
2601494713
2601523429
2601602731
2601708925
2601797167
2603621293
2603674530
2603710728
2603807118
2604104334
2604541933
2604630288
2605065529
2605100784
2605128002
2605368882
2605819273
2606082470
2606550418
2606861401
2607010536
2607080339
2607142381
2607224612
2607240378
2607328471
2607503353
2607526669
2607582109
2607687685
2608230048
2608240363
2608452631
2608454004
2608503182
2609056470
2609771970
2610006914
2611305199
2613379874
2613469896
2613795710
2613909103
2615217878
2615282406
2615856660
2616969602
2617085556
2617174969
2617311546
2617484149
2619143231
2627571031
2645233585
2647273928
2648823828
2649519480
2649522402
2649526752
2649537986
2649560599
2649561385
2649754920
2649766224
2649784225
2649847417
2649868849
2649889766
2649891932
2649930661
2650049364
2650114644
2650223588
2650292347
2650387454
2650428091
2650428120
2650669686
2650730790
2650788278
2650808990
2650874221
2650961274
2651028463
2651043332
2651198845
2651364187
2651403612
2651480654
2651492485
2651527830
2651671092
2652278528
2652398457
2653892298
2653964474
2654302494
2655375666
2655767737
2655802832
2655999715
2656464852
2656588189
2656951452
2656965265
2656977475
2657090971
2657284153
2657328499
2657358805
2658437791
2658600428
2658782448
2658934146
2659013256
2659037676
2659518102
2659617882
2659882441
2661407510
2663692148
2663937632
2666071237
2667689921
2674702800
2680209689
2681803837
2681904283
2681944328
2682319094
2682690642
2682973237
2683585860
2683833506
2684556816
2686576087
2686771758
2687174185
2688726182
2689072766
2689284235
2689307574
2689415420
2689415952
2689452721
2689459374
2689464463
2689467996
2689480411
2689490592
2689514035
2689520094
2689531004
2689560955
2689583670
2689609789
2689630555
2689706126
2689713703
2689740278
2689740788
2689750633
2689751503
2690258096
2690328918
2692082575
2692380912
2693190200
2695813183
2700440725
2700912420
2700979062
2701084122
2701513459
2702027274
2702911970
2703780877
2703785725
2703806280
2704135531
2704443643
2705611004
2705676812
2706072331
2706271652
2706454615
2708259199
2708336983
2709042764
2710715024
2711262560
2712074946
2712516728
2713265466
2713736885
2714173747
2714262834
2714415786
2714689800
2716381722
2716701549
2717345870
2718897139
2720726408
2724367630
2726079292
2727858479
2727884596
2727964096
2727981797
2729546241
2731589740
2731690599
2732206059
2742495484
2743417297
