12
13
14
20
23
107
224
257
409
414
422
633
785
874
988
1075
1081
1186
1293
1497
1605
1676
1970
2024
2172
2480
2494
2672
3036
3205
3336
3382
3469
3479
3526
3615
3840
3980
4045
4358
4488
4711
4777
5103
5215
5699
6204
6532
6664
6721
6941
7693
8491
8584
9083
9566
10078
10221
10350
10545
10638
10725
10867
11041
11071
11422
11489
11523
11628
11778
12217
12322
12449
12555
12902
12925
12984
13041
13046
13348
13407
13420
13461
13666
19883
23373
29733
30973
33383
33423
40143
43553
46023
46103
47083
48443
49353
49793
73733
76133
80523
113963
147863
156763
174853
332083
428333
487913
608473
616173
617373
622663
624413
624683
637873
643443
644863
645343
652193
657863
663353
674723
691593
693883
704343
723373
725553
725733
728373
730373
746323
749963
755292
755452
756129
757683
760303
763699
763893
765845
770781
785691
785766
789824
791675
792724
795649
799499
802751
804376
806133
807027
808627
809866
810250
813039
813286
813542
815233
816637
816812
817288
817386
818071
818155
818340
820585
820828
822571
824157
824211
841791
856741
856831
858051
860281
887051
898371
898491
902341
928961
930061
937961
949521
957271
963121
988181
1003001
1026321
1035491
1042361
1081081
1106311
1143031
1220181
1223101
1223651
1242511
1243241
1260231
1289651
1300301
1300521
1344951
1367531
1374361
1380711
1384891
1387421
1422311
1424581
1434251
1470301
1471751
1501641
1501881
1536811
1543551
1563641
1641971
1717291
1724401
1769191
1839381
1874221
1877831
1917991
1957581
1959371
1966011
1979921
1987491
2003121
2020781
2097571
2156951
2162791
2182141
2230871
2425151
2459371
2513671
2544901
2553151
2557521
2643941
2857721
2946711
2959611
2972571
2977171
2999841
3094401
3108351
3226561
3232811
3288371
3339171
3355001
3374861
3393521
3436771
3439831
3452911
3465581
3489451
3554721
3619381
3677041
3682111
3746171
3754891
3761241
3829151
3829561
4015171
4022351
4047721
4078061
4087691
4109961
4131631
4300171
4456601
4519121
4557111
4620451
4651761
4774421
4832871
4840981
4893411
4898091
5030911
5047921
5069851
5108161
5210841
5288052
5378272
5379272
5381582
5381732
5392522
5434242
5449422
5460112
5479802
5502502
5507542
5518842
5520952
5529292
5558552
5561622
5562092
5567892
5649512
5661792
5683952
5691942
5695632
5697932
5722742
5727392
5741722
5745462
5772422
5774362
5793822
5820022
5839062
5858802
5867532
5879952
5885232
5885772
5927142
5939732
5940142
5949972
5965432
5971922
5985402
5988062
5992502
5995882
6062312
6092232
6092972
6120762
6145622
6151352
6161062
6167252
6180262
6183492
6191642
6193182
6219652
6243492
6250762
6267962
6270422
6281882
6287522
6331462
6347942
6356522
6370862
6434532
6444472
6463042
6465702
6466912
6475722
6497652
6503412
6509832
6519522
6524962
6536112
6545932
6566712
6584432
6591712
6611482
6619342
6634482
6645712
6730222
6796502
6797902
6822512
6878292
6897222
6978642
6981492
7000272
7015112
7082982
7087112
7101692
7127822
7128942
7134202
7161172
7207042
7213802
7224702
7238252
7295422
7366752
7372222
7376382
7380362
7400702
7422652
7426632
7456262
7457322
7490342
7506512
7518622
7535572
7552032
7575072
7601332
7618952
7635272
7657282
7684182
7746072
7753772
7786202
7788062
7799412
7815702
7816152
7851162
7871202
7923652
7948812
7982802
7985082
7985672
8016272
8040772
8072642
8099372
8112452
8131042
8133992
8156152
8160092
8167022
8169772
8217812
8242772
8302842
8343832
8357192
8358082
8360502
8383592
8385342
8422662
8443752
8453452
8475532
8531372
8622162
8642472
8792802
8820652
8821742
8824412
8834882
8839152
8847052
8848482
8897802
8933572
9005362
9019482
9085532
9142912
9155142
9198832
9199712
9239622
9263542
9270952
9282172
9397732
9428232
9455112
9457392
9537632
9594142
9623162
9624742
9624792
9641832
9707972
9717472
9720292
9728112
9786072
9873092
9921932
10017632
10022312
10030522
10117892
10158362
10268172
10271412
10342142
10437062
10454572
10477272
10505322
10541532
10587302
10652272
10735392
10760422
10770502
10774652
10803212
10807392
10839562
10855632
10865192
10878262
10943762
11006362
11047552
11076652
11094282
11117572
11134252
11171002
11178902
11206802
11215482
11263102
11272742
11294152
11294522
11435642
11443372
11584222
11589192
11595032
11656112
11690822
11730542
11740902
11746712
11760522
11781142
11818292
11846242
11907592
11911952
11922842
11934002
11963132
12020082
12028152
12030802
12047992
12144232
12193342
12273252
12332112
12354252
12364502
12390642
12392822
12401982
12468982
12522072
12611642
12635682
12716032
12718122
12726792
12798452
12820422
12848262
12879212
12882332
12908182
12922082
12925072
12949292
12954612
12980242
13010422
13058232
13087382
13116802
13141882
13149332
13214482
13258512
13262442
13292532
13293162
13299972
13301812
13330902
13404152
13425652
13443742
13458232
13507832
13507972
13532862
13559772
13598422
13599812
13604142
13619932
13630182
13642652
13714442
13716502
13746792
13753972
13765572
13821902
13895242
13911852
13932032
13933172
13976432
14048734
14048901
14052215
14054448
14055092
14065526
14068151
14071526
14073364
14073862
14077222
14078468
14082466
14087171
14088815
14091343
14097091
14097434
14097467
14097951
14099017
14099719
14100237
14104847
14109075
14112296
14115670
14117843
14118444
14120711
14120943
14121259
14123751
14130366
14130784
14131972
14135117
14139468
14143450
14144849
14145296
14145498
14149015
14153777
14155962
14158133
14158199
14159148
14163748
14172679
14175145
14192329
14192371
14193192
14200437
14201574
14201674
14202388
14205258
14205676
14220991
14223150
14225267
14225651
14228300
14236327
14236481
14236943
14245501
14245872
14248346
14251565
14253109
14259904
14261687
14262411
14265414
14273479
14274685
14275562
14279577
14281647
14286848
14293310
14295486
14304083
14304809
14314045
14315601
14315918
14316371
14318203
14320024
14320910
14320997
14321959
14327478
14328066
14331166
14334487
14334898
14338417
14338900
14339383
14340948
14345062
14353392
14356041
14360757
14367669
14367727
14368074
14369216
14372104
14376095
14377403
14378113
14378196
14379115
14380462
14380788
14384603
14387275
14389031
14390109
14392347
14397792
14399372
14407089
14411282
14411701
14411773
14412844
14420063
14420790
14422705
14426771
14431400
14433007
14435129
14443412
14444461
14451261
14456209
14457170
14457726
14463104
14471545
14473002
14474225
14480101
14480299
14485933
14492632
14497568
14512675
14515799
14517538
14522546
14523801
14524389
14527804
14532281
14542767
14546264
14549493
14550649
14567832
14570738
14580059
14582087
14588573
14589098
14591033
14591141
14593685
14596798
14606079
14608999
14610275
14610663
14617948
14618343
14620209
14620313
14622939
14626224
14626334
14629565
14634720
14636374
14637342
14638714
14638754
14642896
14645914
14647570
14651539
14661880
14663958
14669398
14669951
14674690
14676436
14677117
14677919
14678279
14697685
14720492
14723693
14724139
14732187
14738962
14744566
14749070
14786823
14790966
14791330
14800270
14802104
14812945
14814905
14819290
14821347
14828938
14830973
14831911
14831935
14834340
14836197
14836318
14836627
14837323
14837625
14843587
14843968
14853049
14857290
14859511
14868280
14869478
14874772
14878237
14883122
14885549
14886375
14887150
14890305
14905139
14905165
14908173
14908780
14917830
14920597
14922908
14923512
14926475
14940354
14942593
14952099
14952608
14958257
14974897
14979049
14982267
14985228
14986811
14990608
14992263
14993980
15028398
15031424
15039436
15041241
15056347
15058774
15061067
15062528
15066314
15066760
15066876
15068132
15074008
15075826
15076390
15093629
15096075
15099007
15102818
15104935
15105269
15108910
15114927
15117048
15117375
15120121
15127046
15129159
15131310
15140286
15143770
15146221
15146359
15147397
15150771
15155528
15158115
15164181
15164442
15165057
15176724
15179863
15181188
15195273
15199539
15201747
15202655
15203462
15221655
15224867
15228003
15228169
15236545
15236975
15237525
15237605
15249991
15251064
15252873
15256118
15257727
15267917
15271141
15272110
15274836
15276401
15289330
15290391
15293504
15295503
15300300
15306005
15306182
15311578
15311847
15316910
15319555
15322509
15325142
15326512
15327250
15330798
15332486
15333812
15335065
15335132
15345968
15346184
15351100
15355775
15355790
15356977
15357343
15391719
15391752
15393128
15393507
15397465
15400426
15405349
15414807
15426896
15428743
15431854
15433331
15435089
15439395
15440447
15443604
15443742
15444256
15445377
15445396
15446126
15451434
15455902
15458277
15460683
15463554
15464038
15465521
15470209
15470744
15473228
15483625
15484895
15485441
15492359
15499491
15503880
15508962
15514143
15514160
15519886
15565576
15591360
15593520
15597251
15600217
15620533
15639696
15643787
15648453
15651902
15656642
15657647
15662355
15677901
15682567
15686959
15687776
15698507
15705567
15720175
15721898
15733356
15736190
15738599
15748480
15754281
15758083
15760192
15763535
15765582
15766348
15770476
15784302
15785325
15786845
15789071
15791066
15800829
15801752
15804695
15808502
15808647
15809746
15816164
15819292
15823646
15823784
15836440
15838179
15853938
15859039
15880432
15900761
15916118
15935843
15938794
15941343
15942075
15950685
15954704
15959560
15961241
15966367
15966603
15978244
15978689
15991049
15992295
15992768
16001350
16002665
16010744
16017430
16017475
16018985
16031975
16042128
16061930
16083797
16095521
16097257
16102437
16123519
16129291
16136799
16137394
16145710
16153996
16169272
16176754
16176755
16193488
16199226
16211114
16218464
16226800
16228398
16229111
16232600
16242112
16246929
16248319
16259374
16268131
16271460
16271598
16272650
16273972
16282892
16298036
16300314
16303106
16303871
16307932
16311483
16319771
16323902
16339564
16347465
16364898
16369150
16373810
16375496
16376280
16378486
16379892
16381279
16388869
16388972
16398344
16402100
16402152
16403358
16404141
16413061
16429977
16440805
16444606
16446860
16447258
16448593
16449839
16451848
16457010
16458926
16465385
16469829
16494284
16506355
16511853
16513061
16516062
16522475
16541636
16542230
16542390
16545867
16548023
16553566
16556060
16557087
16557278
16559320
16559527
16563522
16573084
16574209
16580890
16589206
16591984
16597222
16620845
16630098
16648907
16664681
16666933
16670619
16670996
16676605
16680002
16681542
16690663
16692771
16694405
16695229
16704987
16707686
16736635
16745361
16794789
16812975
16818490
16819632
16824201
16832632
16839518
16858911
16863696
16865096
16866061
16872081
16874430
16883243
16885993
16886925
16889506
16892454
16895274
16897314
16897506
16900640
16910591
16910946
16917156
16924685
16930247
16932590
16936303
16941174
16955517
16977059
16978027
16985697
16990533
16997044
16998034
17000721
17001663
17004618
17005872
17012524
17029640
17030933
17033125
17039573
17044037
17050656
17057237
17057271
17060020
17067240
17069525
17074714
17076885
17086594
17088779
17088939
17094350
17097223
17112843
17116782
17131936
17134789
17137916
17145442
17145512
17149798
17153700
17159642
17160680
17165158
17175213
17179368
17188750
17194761
17201709
17209202
17217995
17225939
17229737
17242874
17248079
17249772
17289530
17292833
17293364
17300752
17310646
17312357
17329538
17337231
17337554
17342842
17343595
17357985
17369005
17373442
17381587
17385512
17387399
17396839
17396855
17404480
17404570
17423992
17439787
17446887
17453148
17453527
17455557
17463140
17468027
17469289
17477864
17486417
17488225
17503180
17505585
17507838
17514354
17524927
17527642
17536486
17553946
17557614
17561123
17572743
17573212
17587207
17596622
17633413
17635902
17646463
17656726
17662807
17663164
17666692
17668042
17668544
17674644
17675013
17675093
17681834
17685843
17687028
17697991
17701394
17703623
17705647
17710740
17711847
17717614
17726339
17728899
17730603
17732153
17732182
17734669
17735953
17741799
17744075
17748632
17751565
17754063
17754180
17754768
17755042
17757005
17766365
17776168
17776557
17779091
17785576
17788023
17790274
17796769
17797666
17798418
17802221
17802735
17802893
17808712
17809060
17809721
17811812
17813389
17836273
17837688
17839493
17840618
17844280
17848626
17849197
17850012
17853760
17854419
17856422
17862168
17862391
17873348
17881816
17882327
17889970
17894233
17894695
17904171
17904334
17907265
17919393
17922094
17937017
17939037
17943334
17954786
17958939
17962537
17966138
17967153
17967491
17971747
17987125
17992196
17999031
18011557
18020529
18024625
18028249
18028509
18031093
18032348
18040514
18044851
18047928
18048681
18071358
18073937
18075767
18081751
18087450
18114779
18118167
18131765
18133779
18134578
18155765
18157820
18159588
18163700
18169037
18170896
18176487
18179554
18180917
18185781
18194825
18196721
18210579
18211473
18213546
18219303
18222378
18222808
18225966
18226564
18238282
18258063
18262412
18267528
18270628
18272191
18277063
18285948
18288362
18296064
18303283
18320938
18338588
18344173
18348795
18350514
18350619
18354016
18363508
18365169
18366049
18366220
18370962
18380089
18385803
18388074
18393690
18393773
18402494
18403763
18410368
18421382
18431625
18447238
18455744
18471969
18477133
18485106
18490241
18498684
18510860
18518587
18518601
18519260
18523087
18527352
18536530
18538525
18544958
18549724
18559380
18583722
18585712
18586925
18587408
18601045
18628451
18644727
18651808
18663735
18681139
18683066
18693598
18696855
18699217
18701406
18704675
18711296
18713254
18717518
18721857
18731548
18735441
18739463
18745932
18754313
18754810
18756042
18758940
18761671
18771458
18773790
18793033
18795353
18795818
18798170
18800265
18803344
18807347
18813518
18829556
18831946
18837219
18839785
18840167
18843687
18846885
18856867
18863815
18872373
18872918
18893137
18894372
18895794
18906561
18910579
18918939
18919233
18927821
18929184
18929773
18931698
18932706
18932935
18933983
18934988
18936284
18937546
18943058
18946954
18949053
18986499
18986524
18990186
19019013
19029306
19035047
19040598
19042769
19045458
19048014
19053456
19058681
19062853
19063425
19064614
19078479
19082879
19095139
19101742
19103692
19111053
19118257
19119091
19122978
19129122
19130146
19140886
19176221
19178965
19182063
19182333
19188723
19194900
19220417
19224695
19225156
19277345
19320490
19329136
19333650
19334571
19348870
19349240
19349650
19377913
19380829
19397785
19407053
19424591
19424599
19428338
19433862
19434171
19448989
19460725
19462399
19469976
19490073
19506790
19512449
19522258
19534873
19554706
19562864
19598253
19604599
19632867
19636553
19636948
19637934
19658826
19660361
19678305
19686111
19689846
19697415
19697419
19699682
19701628
19713521
19717082
19725644
19728966
19729510
19734025
19740592
19742143
19743540
19744978
19760270
19769757
19781614
19789294
19789299
19797083
19805110
19811190
19811315
19811479
19837231
19846714
19877608
19880775
19895282
19899742
19900442
19904498
19904685
19919350
19929890
19936673
19936999
19939454
19941313
19950184
19956062
19957734
19960087
19966557
19981139
19985444
19988765
20030364
20031444
20056177
20067778
20068130
20087878
20088161
20102835
20123027
20155652
20158276
20174643
20210319
20221159
20225951
20227265
20239948
20241519
20245775
20248093
20256132
20263710
20288433
20334983
20345367
20348431
20352963
20373243
20377010
20405428
20412224
20414217
20415405
20428239
20455625
20472834
20481697
20489447
20506424
20536157
20571756
20584030
20586110
20600597
20604763
20609518
20609587
20637884
20639592
20643704
20654189
20664363
20685793
20687263
20694211
20695836
20709950
20749410
20751449
20765685
20773885
20783100
20791372
20797965
20798363
20802277
20803228
20808757
20833010
20843627
20851180
20865816
20881923
20901820
20912979
20931860
20936763
20963854
20964914
20978103
20978574
21002587
21005803
21014078
21020683
21056348
21056692
21080122
21104781
21105771
21107053
21114659
21132200
21134487
21136403
21158774
21168995
21180362
21185021
21219472
21221338
21231810
21241905
21249438
21262710
21268897
21319580
21331318
21341080
21342749
21357741
21363066
21369740
21379486
21392090
21423803
21433375
21453226
21461720
21464590
21465486
21476182
21484891
21499932
21507883
21517290
21525682
21560717
21565678
21577678
21622781
21629865
21637728
21644992
21675618
21696500
21698794
21707592
21708948
21711202
21725293
21734241
21744554
21746596
21752853
21754623
21771952
21777919
21780803
21794452
21794774
21799503
21807536
21809256
21827360
21836409
21841184
21843066
21853673
21882251
21887420
21907474
21908222
21955447
21957826
21969650
21996247
22006155
22017175
22017602
22029942
22039276
22061853
22082660
22111223
22128054
22128321
22128767
22134978
22146985
22150874
22151193
22160397
22185587
22205952
22213177
22244391
22252782
22255654
22256645
22268076
22271574
22278090
22308653
22330739
22333382
22344682
22372197
22372344
22375715
22384198
22386399
22387220
22388606
22401659
22416004
22421434
22425474
22444948
22459342
22467432
22509223
22513829
22523182
22543623
22554074
22558481
22593711
22602800
22603367
22613078
22629770
22642788
22650234
22685200
22699508
22700817
22713080
22731153
22732425
22752426
22755015
22770745
22777809
22789080
22796933
22799161
22817189
22836625
22848269
22855448
22868427
22873215
22897647
22900775
22917705
22922104
22949684
23002923
23016833
23024235
23047010
23049916
23058879
23060782
23095992
23096286
23116018
23145109
23145316
23157135
23163378
23188724
23199841
23211743
23219225
23243863
23249514
23262217
23283500
23288055
23288891
23310483
23340901
23364819
23383517
23408160
23418415
23461603
23481538
23484629
23491400
23503538
23519852
23522443
23529233
23573291
23573950
23575592
23587481
23593867
23601340
23605451
23615900
23633023
23642561
23643851
23685059
23693988
23719690
23747031
23766957
23769866
23775896
23792942
23806943
23813710
23854568
23856782
23865085
23882596
23897766
23913238
23922282
23923717
23925152
23952599
23970102
23970770
23975060
23977050
24024778
24035123
24124921
24127641
24139826
24143188
24153416
24161790
24163124
24249674
24313622
24317174
24328692
24333520
24336973
24350287
24359377
24359645
24373412
24378511
24421464
24486917
24500422
24502952
24538469
24543817
24561449
24617301
24643083
24682598
24693631
24705126
24713630
24750742
24773177
24775410
24805644
24834267
24866995
24886025
24917529
24942750
24948315
24971148
25008422
25026980
25033119
25047495
25058787
25124269
25201906
25290300
25344926
25428669
25447646
25455332
25478634
25482776
25498985
25572434
25581439
25717463
25725698
25873356
25950101
25974152
26018722
26020465
26025988
26055764
26058399
26088344
26205385
26219738
26230422
26303602
26344615
26376057
26381686
26388811
26392422
26484919
26510157
26511660
26555632
26565946
26574806
26603518
26604904
26618468
26665025
26676034
26702766
26705671
26708210
26727655
26758665
26776256
26782958
26790047
26792275
26819104
26829963
26833888
26854642
26870505
26929655
26997136
27029537
27063263
27092454
27114921
27141072
27151820
27155815
27206387
27208120
27257426
27305342
27395897
27407990
27475169
27485335
27503114
27503850
27559439
27602132
27602673
27602873
27605464
27606434
27633698
27681578
27720164
27738196
27796857
27817933
27851489
27859875
27909461
27924593
27998115
28014707
28023585
28056930
28066436
28075483
28082599
28096105
28115444
28118350
28137012
28140465
28154015
28164508
28175506
28181012
28193043
28240302
28331432
28337011
28340445
28358405
28368637
28406270
28506038
28515858
28535163
28535232
28547858
28557188
28561707
28583097
28593464
28593808
28601983
28606352
28619439
28748252
28760465
28774365
28774874
28809199
28822804
28864960
28899921
28903755
28906155
28906567
28968214
28968443
28991431
28995530
29030168
29057317
29083969
29126624
29133952
29149536
29149796
29155725
29159712
29170373
29179882
29186269
29209362
29248355
29257117
29257288
29344169
29366677
29384490
29385549
29387184
29395505
29404066
29442361
29472803
29479716
29532294
29627946
29636426
29762396
29932370
29935815
29951362
29958928
29970894
29971409
29978770
29994088
30006281
30035108
30098016
30106694
30136886
30170220
30205931
30224589
30233024
30261067
30266179
30308226
30313925
30317314
30323648
30331417
30400557
30430816
30438436
30445481
30569817
30591546
30628216
30639743
30658530
30684976
30761844
30767393
30823468
30826229
30830432
30831205
30878083
30891818
30893470
30896648
30920285
30976324
30985422
30985586
31034681
31035336
31065501
31076294
31085640
31131627
31135086
31232372
31317842
31340821
31387987
31450163
31506974
31543366
31611246
31678419
31709458
31739302
31776676
31986700
32064319
32073913
32318850
32322589
32347705
32352260
32355467
32359921
32367401
32389690
32390618
32396076
32441581
32453930
32493647
32535385
32546266
32688176
32740613
32754442
32758143
32793873
32815263
32825236
32857388
32866232
32877614
33040458
33057154
33098821
33147680
33150122
33184839
33238084
33252746
33265709
33307237
33329214
33338729
33467275
33508831
33514869
33576352
33613780
33689637
33789434
33801019
33846442
33853480
33866039
33868638
33918760
33992890
34044441
34091029
34124980
34163736
34196747
34197952
34231910
34245009
34285897
34304410
34325960
34326214
34328088
34338789
34356916
34398421
34415265
34497954
34505633
34532755
34533324
34552016
34554134
34627843
34667257
34667844
34675837
34687919
34851623
34855249
34868965
34870252
34882713
34891363
35046138
35118692
35202527
35210733
35291908
35346964
35420621
35429743
35441720
35459949
35484882
35531539
35611404
35651183
35721263
35770115
35775031
35786036
35940348
35994040
36003084
36025553
36076870
36135250
36153601
36287423
36314370
36334838
36495872
36541636
36555747
36605932
36623042
36640651
36664452
36677276
36696461
36717227
36717829
36730584
36806836
36886118
36889093
36919108
36922853
36982010
37010087
37011941
37034483
37063979
37077845
37105216
37137720
37170376
37203190
37284430
37294378
37396883
37408240
37422696
37425328
37432982
37600239
37629039
37641696
37657171
37704718
37710435
37722119
37813045
37869117
37936916
37942193
37997633
37999722
38043015
38062260
38144181
38161191
38254250
38278050
38394217
38403110
38406979
38422658
38439662
38466098
38468255
38479920
38524810
38580897
38611183
38649374
38685872
38718720
38778248
38823441
38949890
39024923
39040309
39175100
39191312
39221095
39235477
39240673
39258955
39308549
39488770
39520951
39523094
39559926
39580517
39585367
39595443
39625043
39666300
39702850
39703260
39743812
39778096
39895056
39899730
39922166
39933300
39952157
39961247
39961479
39963385
39982013
40020929
40061924
40116360
40170583
40180697
40187571
40187858
40191477
40191643
40200685
40230998
40252336
40276045
40277080
40291840
40306315
40341793
40400019
40405862
40434226
40448559
40458264
40458715
40471451
40516848
40528053
40561881
40579448
40673794
40794324
40837929
40858075
40908929
40927173
40927957
40950257
41048052
41067872
41079443
41083120
41087636
41094453
41103293
41113149
41133588
41170977
41171851
41195264
41305464
41366372
41549052
41586693
41588663
41590596
41665132
41675415
41720110
41754761
41763568
41766099
41769296
41795342
41799998
41818506
41865743
41885690
41904540
41904844
41950178
41981944
41984613
42019964
42102665
42166279
42172403
42226885
42268148
42365215
42378005
42394827
42414011
42451856
42480399
42582125
42601539
42604232
42606652
42660501
42674322
42783427
42786391
42789733
42790519
42846597
42855140
42885252
42903387
42917001
42927495
42950216
42953038
42957447
42959267
43040601
43041234
43073074
43077874
43104516
43115867
43121052
43128194
43192807
43280585
43282276
43290136
43306157
43321252
43325938
43384673
43434364
43475901
43533997
43568964
43582540
43607003
43662381
43686245
43693500
43697112
43702409
43743121
43764218
43777167
43844940
43847029
43942380
44039298
44089631
44092291
44106400
44150150
44157122
44234494
44292148
44296450
44300967
44303210
44317593
44345790
44356836
44375245
44378228
44401530
44409004
44411873
44423773
44425241
44473461
44536954
44551682
44552852
44570360
44582818
44588804
44589217
44595287
44608343
44625387
44663091
44704537
44789295
44839509
44840588
44856252
44857140
44858575
44871646
44874400
44881286
44889541
44892976
44894456
44921613
44932813
44949890
45008036
45022448
45053322
45112524
45116820
45128856
45145970
45162177
45162347
45195808
45210639
45285656
45376619
45526896
45533881
45562396
45570140
45576844
45578562
45582141
45615241
45631939
45637133
45724110
45729854
45780613
45781033
45790625
45795197
45795794
45797411
46034142
46051562
46062566
46094180
46129578
46175941
46190823
46224524
46242241
46319532
46373774
46403451
46543763
46565466
46616173
46630334
46654474
46671396
46744791
46791411
46811034
46853406
46864800
46875124
46895477
46915691
46952331
47049617
47055387
47083884
47092009
47105572
47250624
47359057
47446345
47455112
47539748
47543773
47546936
47562301
47583067
47583206
47588679
47588696
47595335
47598224
47610829
47814229
47871568
47883282
47916750
47940349
47981183
48028448
48034196
48121429
48156779
48200258
48283258
48301098
48318008
48375872
48381683
48684014
48701424
48706493
48724735
48794931
48833488
48834856
48906364
48938287
48954044
48972174
48990228
48990944
49013625
49022834
49064714
49095212
49103970
49105019
49132710
49242446
49255828
49259277
49264202
49269819
49279876
49298395
49374840
49375859
49434270
49511619
49553450
49583210
49595583
49792706
49821407
49854471
49869921
49909770
49921552
49923337
49940421
49946822
49974387
50004425
50008018
50026402
50046679
50062534
50068852
50201737
50228660
50236676
50255690
50338138
50351724
50385253
50494097
50510925
50554477
50573483
50576487
50580787
50679734
50734257
50744598
50845546
50919611
50942195
50943008
50944856
50968882
50979871
50984470
51003218
51030554
51039597
51052437
51098359
51104731
51198240
51204623
51293597
51304523
51355115
51375818
51376979
51390936
51429353
51462013
51500165
51500793
51518017
51550779
51552352
51665562
51717952
51749848
51785188
51978223
51982587
52011360
52069954
52090363
52094248
52108475
52269052
52309665
52339151
52340477
52344859
52347071
52351621
52355854
52364685
52368811
52378823
52437155
52466389
52551600
52592400
52659564
52703983
52747097
52763416
52778489
52796949
53042424
53089452
53097744
53129665
53169195
53176036
53217947
53294309
53297738
53313199
53313935
53340976
53355218
53355887
53361499
53362897
53369540
53411540
53412380
53464314
53556894
53581322
53624903
53688509
53712478
53722000
53762755
53790896
53880448
54095018
54102084
54123146
54182995
54238430
54274966
54301530
54427337
54434519
54463072
54488367
54495103
54525773
54534191
54539925
54627767
54665155
54781907
54829997
54859667
54861751
54910088
54936590
54958385
55024445
55070643
55078954
55105581
55166106
55179212
55179507
55190116
55323521
55435897
55472318
55492193
55494429
55520719
55541465
55579426
55624368
55744280
55799927
55804557
55860158
55886315
55936616
56020295
56039856
56202005
56212663
56297692
56304605
56312411
56318573
56322568
56323694
56326354
56336341
56347280
56350183
56358270
56407673
56449023
56605870
56616220
56623145
56627441
56644783
56722218
56723590
56770312
56810175
56913467
56927066
56931669
56969826
56980131
56997066
57085475
57092486
57107167
57188308
57235218
57261575
57262449
57272886
57276931
57306174
57411021
57412936
57499644
57608570
57609789
57671815
57720095
57721830
57806173
57852539
57868876
57879889
57903792
57935707
57947109
57948579
57953364
57973234
57998991
58038880
58166482
58170833
58175127
58203131
58205533
58318305
58394273
58422128
58440559
58547872
58569413
58569513
58601997
58756078
58761257
58762280
58868683
58877194
59141880
59241038
59390991
59484912
59557446
59711822
59808841
59983585
60014980
60015540
60023642
60036231
60108464
60126720
60167282
60280671
60308942
60532319
60549024
60576851
60627223
60627232
60649803
60649871
60650902
60661582
60783724
60840919
60843563
60937837
60942888
60991516
61084313
61153139
61290495
61292961
61405170
61419570
61465352
61474495
61502257
61544465
61609661
61660254
61780252
62087089
62179889
62290422
62297217
62316970
62342782
62356591
62454272
62455476
62544453
62553762
62565300
62581962
62723388
62739627
62741206
62762183
63048884
63073975
63129578
63136979
63184582
63228829
63231015
63502762
63510558
63661256
63672806
63749116
63785359
63786611
63992320
64039588
64093385
64194057
64222598
64230651
64432167
64433320
64441229
64461377
64470344
64498695
64526820
64610462
64614569
64630708
64643056
64738131
64780493
64843762
64850149
64899051
65036099
65072104
65112853
65113959
65130286
65222499
65305565
65595809
65646568
65651455
65677164
65852066
66060020
66084927
66106708
66306024
66327473
66334209
66351428
66363218
66397140
66414578
66481550
66509482
66610444
66622532
66685886
66699013
66700936
66703055
66733994
66782978
66932802
67097358
67335911
67358777
67369006
67378160
67543297
67545361
67551899
67575861
67578390
67712707
67851778
67854459
68069915
68126971
68141821
68207759
68340487
68462686
68480547
68497896
68600896
68667045
68705908
68770511
68849086
68867011
68914690
68927629
68977380
69180921
69196056
69205871
69369554
69506712
69520588
69537051
69544220
69561117
69580076
69672724
69733268
69752139
69879170
69904095
69935084
70044497
70082512
70179948
70217580
70294554
70308740
70337939
70361794
70379985
70410400
70422470
70452492
70636966
70648965
70663487
70664813
70706313
70731683
70735999
70774194
70886565
70903589
70954200
71226483
71227821
71273952
71294756
71332531
71491139
71495534
71503629
71504313
71726773
71815077
72034591
72055182
72227386
72236573
72418997
72447790
72466936
72484463
72510160
72547403
72730022
72733789
72763332
72838050
73043514
73116673
73192327
73476030
73648967
73716841
73863773
73871975
74081926
74084039
74265849
74270510
74436769
74451442
74457733
74459874
74476641
74512004
74580436
74626516
74683932
74689776
74732486
74732840
74790934
75024702
75025780
75049621
75074037
75207546
75209239
75235841
75262929
75276799
75296939
75297120
75311070
75356470
75357513
75460717
75498371
75509967
75570212
75580388
75610842
75695920
75714954
75871124
75896448
75974281
75991613
76142324
76315268
76347918
76614700
76624275
76834497
76858507
76898199
76935110
76990207
77116856
77206619
77394624
77529558
77602866
77693285
77726405
77731827
77744804
77851020
77888423
77921892
77960371
78006680
78085984
78206626
78210838
78259714
78271006
78340597
78559795
78598071
78601960
78638851
78663910
78675960
78802488
78883500
78901667
78998799
79051745
79118314
79118911
79153622
79169144
79203104
79242025
79289712
79291516
79398709
79421749
79494033
79498684
79542239
79643177
79671917
79672316
79692602
79720635
79723301
79745758
79797834
79831371
79915337
79924840
79928001
80045475
80189063
80303580
80325099
80330381
80475670
80512999
80530081
80611274
80664593
80784646
80808008
80822342
80903804
80908303
80936592
80983134
81029015
81077946
81339834
81546053
81623583
81716923
81795804
81872199
81961201
82034782
82069696
82092261
82109274
82126112
82380985
82494739
82570700
82736613
82797320
82820198
82821040
82907616
83031278
83181928
83182871
83212615
83230570
83307691
83529586
83530820
83531741
83548786
83658475
83659451
83676243
83763993
83778308
83814679
83837111
83846395
83876527
83877661
84001426
84021687
84065124
84114313
84293967
84351228
84352985
84499677
84542880
84554399
84572508
84605965
84616351
84699037
84784860
84818046
84840297
85022762
85038080
85047114
85221650
85259573
85294977
85363141
85436197
85462891
85636461
85639342
85657578
85722738
85792384
85819074
86007840
86008332
86009384
86020385
86105390
86255176
86256982
86290255
86315135
86478153
86479411
86535708
86664924
86671772
86733139
86737096
86768751
86853882
86877019
86975611
87098120
87106714
87143470
87153329
87170277
87213273
87233065
87346728
87449885
87484569
87735000
87873397
87986621
88040817
88143080
88226103
88304111
88427637
88561123
88604127
88711812
88851742
88856792
89142964
89146447
89149648
89162856
89218664
89264686
89280747
89370350
89470722
89503894
89515018
89561404
89561506
89909348
90034304
90163082
90184329
90323375
90379747
90420314
90430894
90447194
90569149
90606511
90628174
90680573
90773878
90915256
90971668
91185652
91206855
91441874
91527470
91529047
91620308
91639227
91677492
91743693
91807650
91892348
92211391
92379786
92415777
92440939
92494257
92510383
92708272
92724677
92727851
92733420
92734920
92945681
93222913
93265687
93286002
93415097
93571953
93622144
93636324
93817401
93957809
93971683
94022742
94093955
94119354
94131676
94143715
94163409
94195070
94516076
94530194
94534905
94572793
94741748
94758424
94899942
94944961
95107037
95385188
95386370
95410045
95442606
95692393
95891462
95894989
95975081
96101258
96108228
96408846
96540459
96633706
96793989
96945488
96998619
97140046
97169575
97217966
97227363
97237639
97409357
97415226
97416190
97537762
97586310
97729358
97872832
97888984
97893963
97913631
98015030
98074064
98135312
98310683
98342860
98362607
98425933
98688648
98803902
98840592
98992586
98993683
99024757
99028224
99034397
99053372
99107626
99196301
99213137
99276987
99320433
99471291
99693145
99703383
99704849
99743768
99868725
99900798
99909283
99936654
99953941
100123158
100174414
100188304
100445804
100480895
100490649
100500394
100533307
100621881
100638626
100695398
100723798
100724180
100811265
101094231
101156870
101222700
101246233
101298929
101406844
101417074
101475109
101475174
101538730
101700821
101732242
101937665
101949976
102046070
102136919
102137066
102138604
102148991
102296197
102325442
102364880
102469434
102570249
102637971
102655825
102665744
102924969
102987028
103002229
103065157
103072306
103106691
103245739
103255587
103257633
103276382
103550181
103552632
103602549
103770785
103849564
103952201
104059233
104092776
104141949
104185085
104234447
104237367
104237736
104437073
104455457
104644390
104670010
104969057
105053955
105095307
105130840
105152403
105305259
105380874
105402719
105435026
105446589
105468767
105588068
105783183
105785032
105803556
105820886
106021590
106055767
106480154
106674731
106788885
106825431
106876700
106899466
107225267
107448963
107474787
107506733
107724192
107852396
108006063
108153063
108252113
108352527
108390162
108425760
108538423
108577950
108579937
108957853
108985138
109179335
109204339
109213448
109241992
109275593
109293791
109345229
109385964
109398208
109594410
109617806
109652683
109795107
109930762
110025421
110045404
110386722
110392710
110494071
110596374
110862043
110871885
111050407
111060272
111264730
111313342
111316603
111364194
111381815
111461623
111474163
111502009
111519809
111556576
111660579
111858408
112073223
112090318
112127485
112143051
112165335
112170666
112225657
112505363
112621921
112760135
113049430
113278275
113340436
113415132
113419517
113420831
113463675
113474316
113573436
113589673
113611550
113806069
113870745
114111093
114202400
114274492
114346676
114389234
114457702
114501238
114680362
114955836
115017139
115134600
115285574
115290697
115292408
115361965
115396965
115604908
115612039
115677302
115762455
115823896
115855542
115878136
115882166
115941509
115984434
116038981
116366073
116366915
116372682
116550662
116667760
116677732
116768473
116833605
116909103
116997702
117171419
117241251
117326272
117369152
117390412
117396160
117473093
117672538
117686766
117727116
117987735
118021606
118024094
118114833
118132353
118538571
118583379
118685228
118701244
118737759
118748926
118757160
118774617
118816141
118882141
118975084
118989667
119082909
119329716
119622849
119655799
119688279
120091754
120207925
120489874
120555516
120649992
120668752
120671539
120680602
120737021
120788757
120953690
121026704
121046433
121056038
121208305
121214442
121398779
121407739
121677709
122009148
122192878
122324271
122368894
122416276
122445177
122453931
122571041
122591976
122658025
122698321
122732781
122928781
122994639
122995784
123153549
123161289
123171317
123231276
123255714
123287206
123517424
123626703
123640393
123774113
123806809
123868727
123926189
124056683
124258971
124272992
124332158
124746917
124818259
124940529
125027878
125241654
125304737
125325790
125370749
125464610
125567504
125582800
125693468
125798513
125946480
125966828
125978820
126218409
126223525
126314367
126330900
126345561
126548359
126551155
126580604
126591389
126652195
126858738
127265825
127529735
127552557
127729997
127765218
127807272
127863830
127937937
127967449
128044583
128155589
128177820
128221709
128356652
128431150
128471450
128484463
128859412
129108098
129237446
129717292
129808784
130071728
130123563
130159846
130197701
130327554
130341846
130617778
130753065
130947770
131188226
131460127
131477284
131496098
131815342
131873356
132364466
132431057
132504810
132532273
132700130
133377920
133402743
133415247
133541554
133685250
133690223
134047949
134206307
134208668
134358536
134492570
134533659
134546153
134561086
134707099
134748250
134832284
135024897
135085257
135091028
135110894
135182886
135381593
135451662
135784613
135822376
135885317
135970091
136293558
136354625
136408553
136432912
136495983
136583685
136601839
136650443
136861070
137207244
137239956
137283612
137288990
137414389
137524817
137684514
137780376
137835978
138002210
138037459
138044104
138505635
138699727
138772457
138787319
138822469
138875102
139188992
139219463
139357146
139535400
139769681
139823781
139897603
139933180
140010098
140025069
140028881
140047179
140118545
140402961
140709995
140783086
140804002
140955302
141082644
141169353
141198173
141429080
141467972
141470251
141527741
141633175
141726212
141955399
142023928
142396530
142418186
142649111
142700424
142722336
142839300
142968219
143073595
143107317
143114327
143346343
143350463
143402639
143532642
143765429
143766231
144026920
144114994
144135141
144846166
144871419
144927688
144944472
145162027
145355181
145517249
145538113
145553590
145584124
145603832
145607857
145619744
146385708
146468921
146494429
146502086
146751977
146998140
147112891
147202533
147478955
147551629
147720445
147906566
147933034
148049846
148241803
148261027
148275817
148658143
148810600
148869627
149254534
149310217
149553158
149840419
149881227
150342089
150596946
150619732
150723226
150984645
151106990
151120781
151432737
151480026
151559076
151569646
151911629
152108221
152133339
152239419
152257844
152332756
152556754
152797988
153264772
153445630
153629442
153763933
153856476
154016912
154099451
154131102
154224481
154253537
154514269
154812581
154875149
154948410
154981289
155285529
155556091
155659213
156242287
156407255
156907326
156959228
157618833
157751653
157962172
158357978
158564595
158738001
158750167
158791858
159027362
159204469
159462573
160209718
160494070
160588215
160727195
161011398
161415930
161510692
161634802
161955453
161964795
162041294
162052960
162140136
162311993
162314138
163016009
163506397
163540640
163776081
163802276
164213375
164380519
164412352
164596794
164967636
165051038
165085226
165388527
165459735
165506153
165834612
165871889
166104257
166109668
166125434
166143203
166369152
166992321
167357231
167851018
167900593
167989418
168432121
168606635
168788869
168857946
169058509
169317229
169520815
169919702
169930276
169943433
170079288
170103644
170209807
170396389
170691394
170864459
170978816
171117515
171144986
171567873
171750467
171827285
171870273
171984399
171997301
172009188
172493721
172522758
172583438
172617140
172765831
172861291
173195708
173235703
173381583
173958524
174238227
174269889
174519608
174742233
174747046
175091719
175170254
175937811
175942384
175967211
176164743
176233506
176295495
176497091
176745223
177163627
177194756
177492853
177547780
177561088
177643755
177673457
177829660
177886974
178338239
178673822
179170383
179339999
179850546
180123262
180246090
180748385
180768771
181124730
181206476
182795116
182801818
182819292
183213825
183320391
184136149
185159449
185306056
185694075
185703530
185764972
186090418
186154646
186388502
187101087
187218932
187487350
187512044
187597869
187854133
187890010
187901439
188101787
188717566
189035181
189512355
189810190
189917061
189935058
190538272
190905427
190930608
191098143
191130346
192170847
192469948
192739472
192997844
193272969
193705104
193727854
193745675
193767799
194017030
194213012
194521917
194727871
194863595
194953561
195158971
195397350
195629310
195703895
196064329
196917975
197149397
197413066
197448979
197505545
197851335
198030688
198224900
198549232
198604594
198795374
199524418
200065963
200748007
200916841
200977317
202166134
202448064
203202369
203644741
203872812
204250309
204294877
204416569
204956629
205486437
205770556
205864283
206230870
206649731
207113156
207204329
207308316
207567836
207614451
207888272
208155240
208245527
208417986
208484877
208920761
209489920
209683746
210041914
210094153
210663553
210777132
211184671
211216670
211376019
211411783
211674884
211890651
211926836
212162328
212181588
212203422
212386616
213224236
213539531
214733536
214924806
215138502
215173555
215224249
215850600
216077837
216242304
216299334
216403766
216447259
216697381
216734263
216798259
217374596
217862896
218052810
218063449
218121039
218401633
218718269
218979156
219401936
219705027
219705836
219898059
219940006
220009727
220057666
220137029
220228167
221239692
221871883
222123736
222175382
222907094
223492025
223493784
223569986
223958204
224009851
224082313
224129898
224180296
224240358
224472160
224497862
224599855
224643266
225209448
225440016
225738529
225847395
225873174
226502805
227094627
227626917
227644886
227666993
227670820
227706227
227718230
227793700
228713457
229058033
229385617
229441348
229460940
229489921
229943617
229955820
230313898
230360544
230423465
230542564
230845588
230987579
231043038
231377539
231422245
231720249
231778145
231852779
231927919
232093902
232550149
232586574
232717593
233153266
233198369
233364902
234126068
234326024
234699847
234700979
234707691
235249531
235389685
235522157
235891694
236295607
236442157
236504594
236561938
236782436
236813029
236832230
236899846
236929620
237385859
237428802
237632983
237682710
238256660
239237217
239323105
239763037
240127583
240368194
240634787
240649814
240668424
240749225
240860343
240879503
240965647
240984824
241178934
241420165
242253020
242337246
242409796
242567007
242786626
242873592
242979380
242990382
243162911
243490424
243595476
243852862
243878354
244361513
244655353
244841791
244957467
245220861
245280998
245701949
245742818
245988118
246175657
246194416
246302879
246649364
247006547
247158534
247389608
247594615
248082641
248108291
248524701
249834872
250083579
250495841
250831586
251050979
251060309
251101801
251521725
251564985
251636971
251772223
252018855
252062693
252172026
252413942
252531143
252701269
253003597
253010743
253013792
253013919
253018456
253022989
253590581
253995415
254033916
254124909
254183214
254248108
254434063
254439722
254550907
255340030
255363597
255496053
255651729
255919144
255924292
256381185
256495314
256781040
256860424
257581957
257812222
257970633
258283931
258473318
258560029
258673308
258923351
259379883
259576106
259729416
259925559
260104277
260251320
260688830
260697790
260796901
261090708
261652299
261918928
262132380
262253866
262280216
262284764
262856460
262872637
262872813
263031095
263152462
263205895
263292498
263970518
264224758
264261121
264265349
264814413
265398605
265526877
266077174
266193749
266223751
266628665
266652760
266721449
266927095
267657721
267907692
268074788
268385628
268469858
268676434
269239863
269429148
269622611
269707918
270132895
270426592
270446298
271058223
271216219
271274768
271970590
272456715
273138345
273187225
273544879
273621045
274121823
274364089
274503545
274596010
274606076
274969302
275028829
275275098
275277820
275466164
275482496
275487421
275499445
275564493
277002126
277094775
277434037
277542972
278007720
278508704
278570200
278647263
279009908
279202542
279449435
280158892
280462945
281426844
281828483
282409871
282520959
282759653
282926792
282941550
283811897
283873729
283916211
284177791
284277011
284584967
284920800
285447684
285465662
285746447
286147900
286154592
286175518
286625914
286673035
287156977
287194246
287260619
287371932
287541007
287556035
287792704
288467662
288723364
288809835
289274330
289420613
290180065
290405174
290452792
290601596
291154502
291557277
291960419
292114382
292134963
292151747
292193461
292357292
292475065
292615187
292765439
292777349
293433652
293541611
293791043
293816619
294025033
294246919
294491798
294809172
295251095
295301376
295530340
295539824
296071754
296107913
296313827
296390429
296453816
296612629
296927734
296958640
297043367
297100174
297701073
298071370
298625735
298889396
299014845
299858434
300090620
300114634
300337005
300592254
300632766
300911755
301033304
301772950
301910562
302435328
302687426
303024881
303276746
303507856
303633122
304024442
304400088
304559444
304618229
304897961
304971850
305189255
305288711
305491664
306026226
306522134
306732505
306846635
307786551
307899732
308387745
308480382
309418030
309663732
310954272
311601261
312099686
312214503
312677640
313166685
313295889
313385516
313409655
313667012
313805582
314441881
314479335
314498280
314792669
314911135
315005523
315628871
316930608
317619362
317745318
318103857
318201824
318555418
318868057
318911444
318929461
319584165
319627857
319938936
320099525
320905541
321490041
321589427
321809921
322228649
322274831
322289998
322430350
322626876
322797376
323335959
323839489
323962692
324067266
324230103
324493881
325022623
325130220
326369670
326477137
326572285
327508125
328115588
328404936
328920303
328963324
328967731
328996951
329329862
329528817
329721438
329753966
330234803
330521253
330873327
331136088
331548507
331550951
331803536
331816614
332188446
333386138
333747042
333747236
333931973
333939431
334387650
335750484
336468200
337040675
337762077
337990168
338202002
338233322
338273825
338672240
338923201
339246056
339799852
340441440
340840894
341251022
341342004
341564433
343315270
343600927
344156747
344587123
344639624
344754757
345148894
345208464
345504143
346405207
346448103
346924655
347035710
347733955
347861221
347924892
348047778
348398894
348406144
348409366
348806476
348917388
349055606
349589781
350426671
350728896
351787047
352257946
352520683
352619566
352751442
353751900
354149319
354399766
354765071
354838265
355352487
355773367
355989081
356107772
356188264
356206989
356253094
356733602
356739198
356893311
356960251
357062330
357149990
357372605
357422333
358061558
358075278
358136545
358192606
358812217
359081997
359333693
359392105
359825204
360139053
360155647
360467238
360705100
361198132
361222648
361301678
361648164
361914765
362089206
362649194
363107724
363611776
363633151
364488011
364758384
365005749
365370611
365472823
366309158
366519250
366627037
366947884
367057975
367263377
367609291
367836490
368006507
368423275
369317224
370212924
370414373
370446850
370723171
370758706
370847676
371064230
371222569
371691623
371962132
372723954
372837129
372929255
373832615
373846717
373890622
373978051
374077104
374138602
374268208
374538632
374707802
374716994
375195439
375392164
375474419
375489540
376180040
377206475
377246950
377789486
378056166
378062821
378178150
378734380
379030959
379544677
379962842
380493570
380648579
380847666
381136617
381289719
381589648
382573462
382730635
382764824
383315713
383684745
383777767
384164916
384237793
384239903
384240595
385779089
385909720
386442211
386609580
387084962
387095290
388140487
388451065
388951125
389104466
389702353
389914405
389992469
390143086
391210974
391510989
392459574
392941590
393558246
393640121
394129778
394776256
395066705
395115389
395422859
395759627
397673792
397856444
398413069
398604074
398905628
399394230
399572911
399861106
399923070
400506883
400518302
400892657
401217343
402561634
402598880
403068633
403200425
403215342
403332412
404143122
404283614
405124125
405210383
405427035
405667557
406603208
407091772
407957201
408467423
408656961
409274130
409460174
409462343
409486555
409891869
410100010
412332494
413085323
413152592
415436105
415734154
415989278
416370934
416714582
416857073
416882361
417632438
417763356
418082091
418613895
420943164
421312463
423362558
424101490
424403879
424484966
425098697
425650169
426731620
427252351
427634402
427799256
427898495
429260925
430250670
430490230
430692236
431071870
431427098
431969214
431983412
432313632
432636101
433970414
434545375
435202527
436442221
436702610
437235053
437441899
438298536
439778871
440151185
440662588
440932395
441636351
441750929
441817658
444568008
444600449
444909298
445942000
447701075
449177694
449339946
449558997
449588356
449846050
450301188
450497116
450577886
450844927
451215777
451586190
451609276
451798052
451963469
452050314
453507741
453548744
454019095
454036436
454373679
455793551
455869389
456078308
456442306
456513246
457413754
458451038
458460064
459943794
461802946
463194200
463600132
463756331
464105314
464877529
464891863
465035798
465243235
465599519
467987616
468479147
468741166
469258930
470092697
470172451
470178046
470299753
470450525
471071566
471287735
472132412
472695722
472758163
472874996
473699319
475732277
475732490
476642459
478875185
478961270
479357476
479809444
480135019
480140004
480525355
480782173
480930665
481156800
481430084
481943972
482112385
482204421
482759311
482835754
483875687
483930658
484548256
484757676
485500287
485960244
486070266
486287449
487063539
487736815
488751763
489529678
491658341
491902566
491921654
492133058
492177757
492305681
492386927
492718632
493314517
494518813
494804843
495780767
496750767
497141208
497173762
497211910
497600704
499944949
500042487
500704345
502281810
503027535
505067543
508292768
513169868
513484414
513654617
513978215
515766653
516441040
516451754
519476038
519554959
519623407
519907603
521004636
521508380
522067766
523121665
523144954
523224361
523467498
524166068
524396430
525218556
525578351
527221149
527281446
527479470
527574847
527631347
529504131
529647506
532497775
533123263
533209114
536540206
537023127
537377219
537555179
538540761
538861886
540167568
540427345
541101047
541186676
541985317
542089825
543502060
543721401
544295381
545110987
545932629
545980604
546430284
549289187
549511912
549727473
551757469
552842384
554110849
554229469
554484227
555308983
555459600
555674338
555957901
559345507
560922125
560953223
561308629
561863358
561938528
566907119
567155859
567312308
568904341
569260467
569713516
570576883
570603685
570930956
573918122
574583596
575858975
576348125
576448934
576457087
576833852
577459091
577953106
578239623
579049958
579766646
582064364
582552669
582653236
583619719
583953669
584491396
584718766
585708757
586330553
586361294
586407345
588303612
588476793
590101745
591576829
592545116
592605975
593643658
593700012
594009101
595125048
595241737
597244737
597971157
600029236
600296569
600515752
601663957
602276016
602388149
602694379
603294362
603440873
603742037
604354270
605773881
606950782
607071119
607189372
607297826
609217496
609884455
610253142
611666133
612076618
612381535
612560165
612945144
613368810
614178630
614205507
614260197
614449931
614459741
615605505
616253307
616829114
617402906
617814349
618294231
621583603
621815529
622658764
622729221
622796109
623045225
626218913
626372660
626446040
628277574
628477175
628526532
628851801
629998616
631233405
631289812
632548675
632819858
633670804
635469083
700279166
701299149
704534712
711729109
712030506
713600472
715125834
716538500
717787968
723347509
726925742
729028213
729997920
730698806
735095544
735122173
740280793
740884392
741557604
742289460
743363959
744142195
745002644
746757367
749370541
751400048
752499708
753531156
754613281
758609641
763157442
764428064
767101008
767290466
771947360
775723573
775927070
776286228
777541249
778142948
778579664
779388024
779490102
785202134
788678898
791071705
793159568
794593244
797430883
800043067
800905848
807767688
810162192
817868143
818063017
818354066
821018354
821724901
822913447
824603582
824691572
829337598
830843839
831470472
833864930
834102498
834869358
835338421
839214360
841268336
841350637
842188824
843270374
847783501
849477276
852914215
854947790
860589992
860659238
860714923
861509954
862483279
864505447
865714566
866033108
873334429
873773858
876079046
877933424
882376933
882390667
888324511
888596184
892614768
895073653
897028747
899781120
901440900
909747524
912120763
917684263
918659508
920466205
920488039
920737645
921309775
923444960
923971573
925094390
927652440
928219752
928576272
929224970
933797083
936092257
936350072
937769053
943301233
945244357
946163124
952112047
953543706
953969869
954688172
955747310
957634393
963706328
968433792
971156257
975765924
976981850
977249604
981234032
988549722
988552448
992847810
993001615
994659986
997165772
999134167
999470034
1000262514
1001499336
1004116646
1004887885
1006437296
1012715006
1014928621
1016807588
1017940362
1019469630
1023072078
1025735298
1026332905
1026583626
1030493862
1034169152
1034670272
1036713343
1041453240
1043211236
1046912694
1047345656
1050622416
1052117436
1056197815
1056850669
1062720092
1071350252
1072794810
1073181793
1073336054
1073478876
1074501722
1075552639
1077296220
1078999172
1082547751
1083749642
1086485478
1089331657
1089528775
1089808998
1093090866
1093742352
1097229883
1097304564
1099257782
1100927498
1105629630
1106747132
1107381073
1109682336
1109834474
1111672590
1114663532
1119291199
1119384594
1120000410
1121656052
1122851480
1127563141
1131642499
1133149663
1139782412
1140278359
1140721808
1140949538
1141637624
1144482349
1145318490
1149274476
1149526951
1151462532
1153045459
1153102885
1153107433
1163496018
1164979688
1166196738
1168994293
1173608762
1173985279
1175047638
1180392589
1181185220
1182381266
1182770682
1185988729
1191466099
1201661238
1206067189
1207050750
1207072010
1207648771
1210471682
1212472860
1213502011
1223166800
1225696320
1226784169
1227253801
1229277168
1229617596
1230460309
1231712474
1233663476
1235800237
1239498626
1241327988
1243126304
1246506571
1247631535
1249106629
1251083774
1255161552
1256383321
1258959828
1261655516
1263058002
1263706735
1266263468
1269258001
1269414228
1269695654
1270746139
1274038568
1274690550
1275040430
1282726446
1286653146
1288175774
1290320509
1291755823
1295175780
1298337680
1299194802
1305459890
1305692694
1306953678
1307065518
1309062163
1309874820
1316183972
1317725486
1320106975
1320600308
1321028052
1322305082
1322824296
1324111585
1327668368
1330457336
1330610197
1333467482
1337075358
1339835893
1341222206
1341863826
1343030971
1344897174
1346164693
1346439824
1350259454
1354482128
1356195751
1360862120
1361081563
1361602578
1362260797
1365030110
1369085120
1374361477
1374997753
1376494159
1376680338
1378753196
1379947543
1380019046
1380986642
1381415232
1386958692
1389159548
1389693252
1392163634
1393780764
1394001758
1394485897
1397800638
1398252073
1400837108
1401726968
1402944379
1406016259
1407823862
1409729683
1411434049
1414560456
1414761516
1419020654
1427193296
1429656900
1437927368
1446876692
1447949844
1447990195
1449023288
1450487310
1451017340
1453575097
1454014380
1466767472
1467673213
1469101279
1478946613
1479352976
1480845666
1481849634
1488514963
1489084716
1490518052
1495333208
1500975553
1501139258
1511196930
1513294208
1515915528
1516935085
1517863002
1525253294
1526696870
1527596544
1527921888
1528830962
1529931666
1534161104
1534167900
1534534748
1534719073
1535452837
1540592460
1541032880
1542371244
1542686503
1546823898
1552045182
1552849957
1557315432
1561298898
1562748846
1571995669
1572087991
1572472460
1573881349
1575387096
1582853809
1585956878
1586551520
1588718180
1588930669
1588994971
1590503052
1592017040
1593607111
1593981452
1601763726
1606048885
1610646036
1610736752
1613218244
1615097808
1616039276
1617113516
1618295106
1620056192
1627308775
1627634264
1627747098
1627868329
1631020910
1631816634
1636590253
1636657452
1638677252
1642473805
1642571078
1642646407
1644695222
1652526218
1655890716
1659352033
1660580208
1661826284
1662923078
1664343276
1664389471
1664939964
1669854782
1671452774
1672491986
1673387724
1674586034
1674851682
1677359095
1678903615
1683455346
1687818164
1688139481
1688679816
1689789392
1691717851
1692910801
1700011004
1701219488
1706770806
1712327388
1713185768
1715638082
1716507775
1716582776
1719905335
1721718090
1726657506
1732341960
1735406018
1744558555
1852013292
1853932387
1854138110
1856325691
1856414335
1858498663
1860506294
1862783118
1865934865
1866182706
1867843520
1869349710
1870053469
1870133209
1874182256
1876868100
1881168794
1882281708
1887336738
1890240859
1892933497
1905570560
1907009640
1922754072
1931560316
1934413398
1939711736
1947025495
1947315842
1950852084
1975809829
1979510694
2148756356
2149178965
2154224029
2155267902
2155421269
2160477601
2160656877
2162392964
2164596433
2165885412
2168092658
2169212535
2175334262
2175671588
2176867063
2177899490
2179559204
2179559359
2180044387
2180373162
2181101269
2181554407
2183155969
2183928878
2184078205
2184095780
2189716682
2190026348
2193664523
2195576910
2197118748
2197203764
2197589391
2203441718
2204560794
2207264378
2208395131
2210067817
2210260450
2210932992
2212140685
2213413240
2213472314
2214474480
2215866739
2217372038
2218274526
2220938808
2222673457
2223014112
2224292341
2227103736
2227762627
2228021594
2233707276
2235942054
2237639610
2237830745
2238725192
2241775068
2246723426
2247208076
2248587996
2251903500
2252205206
2252968177
2253665018
2254854320
2255036665
2257885658
2259380288
2259858258
2259957690
2260465238
2260718034
2260771309
2261045210
2261110009
2261759419
2262971665
2265595615
2267095056
2267410652
2268149244
2268525607
2270201617
2273135850
2274715358
2275687573
2282035616
2283661718
2283891946
2285581681
2286085580
2286924998
2287539728
2287823204
2289628938
2291088398
2292158666
2293008722
2293334008
2294253750
2296701547
2296845136
2297025918
2298188970
2299566990
2299989385
2301051126
2301500269
2302630147
2302873124
2307678169
2308057860
2308410018
2310301231
2312623711
2315597245
2316914916
2317456717
2318901096
2325637082
2330771580
2331348024
2332803264
2336738822
2339452234
2340329364
2340515904
2341741537
2342050278
2342141808
2342438340
2343566102
2346379950
2346434622
2348042388
2348275202
2354893856
2355066403
2355108774
2357621987
2357703643
2359208312
2359383306
2360958114
2361567080
2362454306
2367568740
2367669949
2369913996
2372119861
2374183891
2375611860
2377157828
2383847413
2385492546
2386543890
2388922848
2390664128
2390907654
2393674370
2394858182
2395801958
2400126877
2401144244
2402213754
2404839066
2404897191
2407125014
2408024388
2408564215
2409252235
2411825082
2412114727
2418299116
2418598650
2418964940
2423478840
2427228936
2430914192
2432495810
2433109729
2433307807
2434337167
2435896604
2437910136
2438633869
2439529140
2443544311
2443948742
2444707010
2445749552
2446458298
2447397756
2448361813
2451664620
2453197448
2455222830
2458116864
2458403774
2459479992
2462787336
2463006282
2463244164
2464393555
2464780188
2468626174
2469605695
2470308480
2470364486
2471003323
2473924662
2474479471
2475837054
2476895522
2477203980
2480079168
2482400994
2484443754
2484637146
2484677443
2484693288
2484701546
2484710568
2484736338
2484740898
2484741044
2484742950
2484749870
2484751687
2484757122
2485389049
2485609196
2485619347
2487821744
2489666232
2489699215
2491182451
2492093232
2492109716
2492153258
2492165118
2492170748
2492186953
2492196733
2492228882
2492241290
2492251711
2492256823
2492314340
2492322194
2492427913
2492602597
2492642870
2492732708
2492871980
2492895876
2492896020
2492958097
2492965518
2492995470
2493083654
2493180992
2493345619
2496154044
2498023380
2499235189
2499366104
2500048550
2500049911
2500055611
2500055676
2500057279
2500065518
2500095535
2500127046
2500154942
2500158296
2500176600
2500248817
2500254456
2500269193
2500360026
2500398948
2500434956
2500439947
2500525567
2500572888
2500578878
2500651135
2500733526
2500955780
2501486964
2504144759
2506729778
2508163830
2508298584
2509894658
2510499812
2510858444
2511424590
2511425526
2511428526
2511441037
2511441518
2511441632
2511447408
2511447991
2511448411
2511449706
2511450499
2511451074
2511452671
2511452952
2511452958
2511455462
2511457776
2511458604
2511460844
2511461887
2511466268
2511473778
2511489440
2511509773
2511510122
2511517213
2511519631
2511520610
2511521407
2511522654
2511531180
2511535884
2511536479
2511542563
2511543620
2511543860
2511549199
2511551023
2511566978
2511568464
2511577584
2511578310
2511582271
2511582630
2511587174
2511594114
2511600974
2511603877
2511605761
2511630062
2511643628
2511655747
2511658346
2512203829
2512260745
2512300598
2512361400
2512409772
2512480838
2512505930
2512566871
2512577430
2512609262
2512610245
2512619304
2512663068
2512810440
2512840482
2514637843
2514902480
2516639461
2516858378
2516907602
2517052836
2517114668
2517120134
2517201744
2517227984
2517351674
2517405710
2517580946
2517799644
2517801150
2517863112
2517910404
2517946027
2518299829
2518537482
2518563769
2518594155
2518605343
2518624015
2518624579
2518626398
2518642597
2518642837
2518876032
2518898659
2518953187
2518954591
2519000580
2519008231
2519026940
2519043572
2519049354
2519055432
2519113520
2519135192
2519153275
2519249046
2519250708
2519260754
2519353771
2520064026
2520102240
2520102948
2520114474
2520211958
2520240972
2520295298
2520319998
2520330355
2520340398
2520344281
2520368750
2520369716
2520469142
2520492680
2520651492
2520661674
2520681746
2520757698
2520761689
2520820224
2520903534
2520921618
2520930968
2520970118
2521033549
2521097191
2521115455
2521119050
2521364539
2521465789
2521482758
2521546964
2521569888
2521579063
2521616137
2521631137
2521668674
2521687280
2521695354
2524546062
2527048921
2527574178
2527734276
2528908670
2529228872
2530108873
2530290498
2531907834
2532211177
2532341400
2534831960
2537549078
2537676920
2538868568
2539318141
2540062885
2540840822
2540957634
2541539064
2541634854
2541791196
2541791994
2541793782
2541794802
2541804414
2541805374
2541805854
2541808322
2541809850
2541818414
2541819301
2541820339
2541825132
2541830857
2541845696
2541845894
2541846014
2541846463
2541846524
2541847028
2541847615
2541851478
2541854358
2541863479
2541864102
2541867624
2541868980
2541869244
2541875888
2541876146
2541881922
2541882258
2541882858
2541883344
2541891571
2541892790
2541896418
2541907100
2541909990
2541911100
2541920504
2541922118
2541922441
2541924109
2541924630
2541925410
2541934532
2541936781
2541939048
2541939228
2541950989
2541952021
2541953515
2541969931
2541995630
2542008007
2542017871
2542050565
2542057399
2542065552
2542066692
2542071517
2542078722
2542131037
2542135314
2542146474
2542146932
2542173817
2542174374
2542182632
2542205720
2542223948
2542225274
2542227278
2542239847
2542275570
2542294896
2542303651
2542318188
2542327280
2542335858
2542374660
2542376816
2542408244
2542445994
2542452672
2542481826
2542511503
2542529006
2542530121
2542531729
2542532473
2542571138
2542600754
2542627638
2542666044
2542668733
2542695216
2542707830
2542744784
2542760551
2542823072
2542832174
2542843471
2542859310
2542861854
2542873608
2542885849
2542898442
2542938750
2542955239
2542962578
2542977900
2543005128
2543028722
2543057257
2543059789
2543112224
2543127122
2543140334
2543277211
2543347615
2543349169
2543407987
2543472679
2543524782
2543629057
2543724810
2543731357
2543733043
2543783448
2543837636
2543846971
2543903604
2543904870
2543947867
2543950376
2544015716
2544050874
2544051582
2544075572
2544116688
2544119455
2544142080
2544157831
2544167660
2544173010
2544229802
2544246907
2544261420
2544264408
2544287581
2544289272
2544315181
2544315462
2544425995
2544477624
2544482312
2544546193
2544612061
2544629851
2544757153
2544777841
2544788156
2544807277
2544807888
2544831126
2544883651
2544968792
2545030729
2545090818
2545159560
2545278691
2545289586
2545326674
2545368619
2545377644
2545400978
2545418372
2545452313
2545491926
2545544678
2545547790
2545629433
2545671565
2545672394
2545806744
2545834003
2545850988
2545924578
2546058230
2546139192
2546162124
2546169404
2546207911
2546296488
2546373356
2546405030
2546406980
2546442182
2546452736
2546453528
2546474568
2546533644
2546557862
2546558024
2546582618
2546660292
2546662062
2546673026
2546688289
2546749368
2546787758
2546812590
2546815627
2546820943
2546985193
2547008966
2547021852
2547041737
2547042494
2547054626
2547055183
2547076772
2547078775
2547111906
2547123800
2547131233
2547178451
2547218166
2547229374
2547229898
2547229956
2547268032
2547279528
2547288188
2547344084
2547368058
2547382915
2547408756
2547409904
2547426758
2547457291
2547524323
2547533580
2547557123
2547585403
2547608496
2548317374
2548457887
2548472407
2548644608
2548660051
2549192832
2549226006
2552524476
2553596515
2554607592
2556031849
2556551426
2558238232
2558305475
2558772031
2558973823
2559229952
2559272304
2561951539
2563569116
2565154002
2565425556
2565476101
2566674038
2566692025
2567001300
2567369544
2568298819
2568451668
2568589633
2569464182
2570289150
2570509670
2571194058
2572335968
2572361227
2572384284
2572785439
2572868316
2572894814
2574255602
2574332088
2574465839
2574846595
2575040964
2575125660
2575989258
2577118044
2577127513
2578040558
2578068061
2578339206
2578761006
2578908175
2579869760
2580069318
2580316988
2580329544
2580503246
2580984956
2581449722
2581492458
2581541184
2581947704
2582276197
2582629514
2582687342
2583418975
2583423019
2583425881
2583576014
2583707576
2583833118
2585399538
2585714492
2586060403
2586337188
2586339336
2586349556
2586355992
2586358364
2586700705
2586855739
2587231544
2587661803
2588003384
2588006678
2588021623
2588025398
2588048611
2588063917
2588077159
2588514751
2588861112
2588931626
2588981328
2588983051
2589026635
2589057330
2589071988
2589084408
2589090356
2589103664
2589181034
2589221406
2589246470
2589254125
2589270499
2589296665
2589301338
2589347916
2589350630
2589362484
2589427440
2589440330
2589535344
2589550867
2589599467
2589624277
2589665023
2589729145
2589742921
2589845479
2589940202
2589947420
2589960618
2589978788
2589979232
2589979340
2589988994
2589996283
2590011026
2590064665
2590127934
2590141820
2590153303
2590163810
2590175096
2590184113
2590233499
2590245103
2590248559
2590269912
2590283029
2590375855
2590380992
2590386816
2590487208
2590564140
2590875037
2590963447
2590971337
2591382218
2591413712
2591468958
2591471832
2591495016
2591504569
2591508217
2591510768
2591691558
2591730271
2591844186
2591952396
2592730765
2592753974
2593027483
2593062930
2593172094
2593316564
2594950813
2595068352
2595943849
2596186837
2597783508
2598423420
2598508124
2599313304
2599466186
2599842325
2600056224
2601222936
2601576128
2601860114
2602097197
2602146506
2602959463
2603080266
2603809662
2603884196
2604864702
2605006615
2605041235
2605216976
2605254037
2605680529
2605708675
2606057204
2606679314
2606765982
2607246097
2607274106
2607322538
2608101295
2608122542
2608191463
2608244281
2608295251
2608327724
2608385071
2608497818
2608603081
2608943414
2609028306
2609538133
2609684304
2609765204
2611019766
2611496767
2612169943
2612980174
2613146239
2613513709
2614327789
2614616982
2616575118
2616710706
2622422896
2627671881
2630328155
2636457864
2638008049
2641821259
2642552323
2643414832
2643497234
2646954415
2647521642
2648151469
2648882708
2648896627
2649519042
2649521850
2649523302
2649534818
2649539066
2649555901
2649559345
2649560335
2649769256
2649787596
2649889507
2650087124
2650096056
2650281812
2650378891
2650408862
2650464050
2650493734
2650527798
2650545968
2650644613
2650669032
2650715868
2650770242
2650812211
2650812900
2650846464
2651052781
2651149484
2651314123
2651314920
2651372424
2651409186
2651425418
2651447846
2651457511
2651609197
2651695908
2651970409
2652182058
2652865298
2652963896
2653080602
2653255669
2654161411
2654455363
2655394963
2655484694
2656042620
2656219380
2656289948
2656435718
2656775977
2657547558
2658456102
2658566390
2659836186
2660123245
2661642732
2661647232
2663834912
2663845920
2663860435
2663864510
2663864659
2663870803
2663915972
2677435885
2678582485
2679476975
2679648186
2680197266
2681819953
2681998944
2682274250
2684277482
2685096223
2685303708
2686679823
2686798335
2686914217
2687785382
2687992207
2688327307
2688340610
2688751718
2689012861
2689103234
2689133629
2689348598
2689368451
2689413469
2689442233
2689443096
2689443835
2689463876
2689468915
2689540495
2689580066
2689654790
2689655298
2689664006
2689720807
2689729788
2690325636
2690384726
2690782081
2693373270
2693379055
2693592758
2693625991
2693897480
2694269982
2694871604
2695669512
2696492472
2696993088
2697516684
2697885034
2698376928
2698573819
2698943755
2699069210
2699655505
2699957198
2700621474
2700938545
2701438820
2702101032
2703278888
2703292728
2703297817
2703452600
2703824809
2708836927
2709120312
2709660234
2709719004
2713949786
2715225266
2716515870
2718574393
2719528208
2722322259
2724224130
2725382421
2727010180
2727946811
2728041862
2728104106
2731809922
2732222686
2733355389
2733452627